None
None
None
None
None
None
None
None
None
None
None
None
None
None
None
None
None
None
None
None
None
None
None
None
None
None
None
None
None
None
None
None
None
None
None
1106.6302490234375
1106.07568359375
1101.76904296875
1100.475830078125
1098.0576171875
1096.6524658203125
1096.2197265625
1094.6650390625
1095.376708984375
1092.338623046875
1088.5450439453125
1093.6839599609375
1090.4442138671875
1085.7506103515625
1083.4176025390625
1084.5660400390625
1082.326904296875
1082.8572998046875
1082.493896484375
1079.63134765625
1078.381103515625
1078.414306640625
1076.4404296875
1072.861328125
1068.927001953125
1068.610107421875
1065.388671875
1062.62060546875
1063.6634521484375
1060.94091796875
1062.994384765625
1061.2958984375
1053.374267578125
1051.524169921875
1054.828857421875
1048.389892578125
1050.6790771484375
1045.4224853515625
1043.0966796875
1042.44384765625
1037.34521484375
1035.316650390625
1033.678466796875
1033.4306640625
1022.189453125
1020.0951538085938
1019.8878173828125
1018.520263671875
1014.2908325195312
1009.5846557617188
1003.8084716796875
1003.4365234375
995.02783203125
994.0850830078125
989.4310302734375
987.14404296875
982.796630859375
976.760009765625
971.02685546875
967.9993896484375
963.863525390625
961.8825073242188
954.8701171875
946.341552734375
943.1630249023438
940.89599609375
933.7000732421875
929.5989990234375
924.4332275390625
920.294189453125
916.8832397460938
911.1082763671875
907.5751953125
899.679931640625
898.730224609375
897.2889404296875
890.3920288085938
890.427490234375
882.5663452148438
877.375
874.2621459960938
871.9056396484375
868.4832763671875
860.55908203125
858.3027954101562
853.5121459960938
848.8878173828125
844.6805419921875
845.140625
838.0460815429688
834.783447265625
833.0515747070312
827.860595703125
823.2420654296875
818.841064453125
814.4299926757812
813.7224731445312
808.9019775390625
807.1647338867188
801.14990234375
799.0404663085938
800.8720703125
790.2395629882812
790.89013671875
787.6161499023438
782.6697998046875
781.5187377929688
778.9987182617188
773.574951171875
773.26611328125
769.0478515625
762.8102416992188
763.41259765625
763.595458984375
759.0425415039062
755.0928344726562
750.380615234375
751.2760009765625
748.20068359375
744.125244140625
743.2183837890625
738.6632080078125
736.479736328125
735.2928466796875
732.464599609375
731.1461181640625
724.78759765625
723.466552734375
724.8113403320312
722.5733642578125
717.6806640625
718.033447265625
714.6348266601562
712.0037841796875
709.93212890625
708.35302734375
704.197998046875
707.1761474609375
701.5335693359375
700.1843872070312
699.85302734375
698.11328125
694.6858520507812
694.014404296875
689.3302001953125
690.779052734375
686.163818359375
687.5573120117188
683.771240234375
679.0966796875
680.4719848632812
678.808349609375
678.8218994140625
676.425537109375
672.9125366210938
673.2811889648438
669.8363647460938
669.4683227539062
668.8704223632812
666.4788818359375
664.6777954101562
664.4293212890625
660.9411010742188
657.7495727539062
659.2026977539062
659.3612060546875
656.157958984375
653.1934814453125
651.97802734375
653.9380493164062
649.5357666015625
650.7966918945312
647.7939453125
646.267578125
648.280517578125
643.27783203125
644.1701049804688
643.6129760742188
640.5135498046875
638.3604125976562
636.3453369140625
635.2280883789062
635.265869140625
633.8087158203125
634.103271484375
633.1417236328125
631.0582275390625
628.7374877929688
627.2228393554688
627.368408203125
625.1181030273438
624.9165649414062
625.8662109375
624.3111572265625
622.0335083007812
621.6632080078125
619.9390258789062
619.9655151367188
618.8056640625
619.708251953125
615.0139770507812
614.9630126953125
612.8226928710938
612.33740234375
611.7294921875
611.6809692382812
612.453857421875
610.084716796875
608.9918823242188
607.6502685546875
606.7077026367188
605.530517578125
607.3568115234375
602.2261352539062
606.211669921875
603.917236328125
601.794189453125
602.3186645507812
600.679931640625
601.088623046875
598.8851318359375
598.60009765625
597.5650634765625
595.7227783203125
597.5814208984375
594.5408935546875
594.68701171875
593.4789428710938
590.6486206054688
593.4940795898438
593.2172241210938
591.25732421875
589.13427734375
588.3510131835938
587.54736328125
587.7020874023438
586.7904052734375
584.9625244140625
585.0149536132812
585.7623291015625
583.420166015625
583.6842041015625
583.9053344726562
581.028076171875
581.437255859375
581.4769287109375
579.647216796875
578.6260375976562
578.016845703125
577.947998046875
577.2825927734375
578.1958618164062
577.535888671875
575.1901245117188
573.267578125
574.4298706054688
571.7791748046875
570.48681640625
572.2159423828125
574.14990234375
572.6737670898438
571.1533203125
573.256591796875
569.1458740234375
567.8118896484375
570.0247192382812
566.809814453125
567.0846557617188
567.30078125
566.729736328125
566.5587158203125
565.5316772460938
563.1630859375
565.193115234375
564.1207275390625
563.250732421875
562.13037109375
562.1763916015625
561.1571655273438
559.7693481445312
561.322998046875
560.6484985351562
560.2701416015625
559.1967163085938
558.389404296875
558.027099609375
558.158203125
556.145263671875
556.8878173828125
557.0975341796875
559.765869140625
557.29443359375
555.814453125
555.6759033203125
556.1094360351562
554.7031860351562
554.659423828125
557.1201782226562
553.97802734375
555.706298828125
553.7757568359375
553.4039916992188
553.9175415039062
552.8453369140625
550.4625244140625
551.4105834960938
550.8763427734375
552.737060546875
550.2052001953125
553.17236328125
552.5010986328125
551.3260498046875
552.0516357421875
552.94482421875
550.3101806640625
552.4021606445312
551.3360595703125
552.293212890625
548.149169921875
550.6670532226562
549.5050048828125
550.7594604492188
552.4190673828125
549.7957763671875
549.2135009765625
547.6123046875
549.1350708007812
548.607421875
550.8363647460938
547.2090454101562
546.789794921875
551.3402099609375
549.322509765625
549.939208984375
548.3687744140625
548.7796020507812
549.2021484375
549.102783203125
548.8193359375
548.3363037109375
547.2398681640625
548.58349609375
548.5032958984375
546.9813842773438
550.2833251953125
548.4425048828125
549.4427490234375
547.02392578125
549.3822021484375
548.3265991210938
549.8760375976562
548.0928955078125
546.4644165039062
550.0074462890625
546.4959716796875
546.9100341796875
548.9984130859375
547.643310546875
547.3795166015625
548.8974609375
548.84130859375
547.8174438476562
548.6798095703125
550.0733642578125
547.2403564453125
549.4830322265625
548.0291748046875
548.181396484375
548.137939453125
547.671875
547.515869140625
547.4544677734375
547.7423095703125
546.9512939453125
548.2208251953125
545.8439331054688
548.5572509765625
547.7965087890625
547.3248901367188
548.1353149414062
547.3433837890625
547.3016967773438
547.9813232421875
546.6664428710938
546.759521484375
546.9868774414062
548.2470703125
547.564453125
547.2034301757812
547.03125
549.0362548828125
547.4854736328125
547.8793334960938
548.8404541015625
545.5433349609375
548.3009033203125
547.390869140625
546.8442993164062
549.697265625
546.7667846679688
545.0673217773438
547.90234375
546.7302856445312
549.3341064453125
546.218994140625
548.33544921875
547.6385498046875
547.98486328125
546.3141479492188
546.3214721679688
548.9215087890625
544.7056884765625
546.0726318359375
547.68359375
546.0606689453125
548.34130859375
546.82470703125
546.4146728515625
546.7892456054688
548.43505859375
546.9862060546875
544.8316650390625
546.7677001953125
547.2521362304688
544.667236328125
546.0753784179688
547.4359130859375
546.03515625
544.19677734375
547.466552734375
547.2921752929688
548.1356811523438
544.9816284179688
547.3175048828125
547.2992553710938
548.3365478515625
547.6188354492188
546.8370361328125
548.7774658203125
546.1851806640625
548.1746215820312
548.0332641601562
547.5271606445312
549.266845703125
548.22119140625
547.013916015625
546.7785034179688
547.532958984375
545.874267578125
547.4955444335938
546.950927734375
547.9382934570312
547.747314453125
545.7816162109375
546.865966796875
547.646484375
546.0244140625
548.015869140625
547.9998168945312
547.5680541992188
546.75146484375
547.44287109375
548.1302490234375
545.9396362304688
546.867919921875
546.793701171875
546.70703125
546.221435546875
547.5770874023438
545.25390625
546.805419921875
549.804931640625
545.6922607421875
546.125
546.8150634765625
545.962646484375
547.2496948242188
546.6790771484375
547.6864013671875
547.7879638671875
545.0352783203125
546.1547241210938
546.9586181640625
547.999755859375
545.1951293945312
546.6919555664062
546.6943969726562
546.1312255859375
547.2091064453125
548.47021484375
548.7608032226562
547.5357666015625
544.9976806640625
547.3968505859375
546.5687866210938
546.54345703125
547.6317138671875
546.736572265625
545.6290893554688
546.43408203125
548.0243530273438
545.6624755859375
545.27685546875
546.9691772460938
548.8231201171875
548.51904296875
548.7632446289062
546.8641357421875
546.74658203125
546.706787109375
546.275146484375
546.8626708984375
544.69580078125
546.3875732421875
546.9642333984375
545.9993896484375
545.6636962890625
546.607421875
546.2647705078125
545.796142578125
546.7581787109375
545.5653076171875
547.3025512695312
545.1179809570312
545.0399169921875
547.4984130859375
545.5963745117188
546.4874877929688
546.1259765625
546.398681640625
546.216064453125
547.3858642578125
547.7600708007812
546.5514526367188
547.198974609375
544.5162963867188
545.556396484375
545.944091796875
547.211181640625
546.0941162109375
546.6087036132812
545.50537109375
546.4344482421875
546.9881591796875
545.931884765625
545.4766845703125
545.69482421875
548.0067138671875
546.5247802734375
547.96142578125
545.4618530273438
547.3792724609375
546.0712890625
548.26416015625
546.5003662109375
547.2738037109375
546.74755859375
545.9721069335938
546.1298828125
546.2281494140625
545.329345703125
544.648193359375
546.0270385742188
546.44482421875
545.5968017578125
545.1168212890625
546.5629272460938
542.0215454101562
548.0506591796875
543.3087768554688
546.0186767578125
548.2664184570312
545.5764770507812
547.6732177734375
546.6547241210938
546.9759521484375
545.1344604492188
545.3971557617188
546.9713745117188
545.303466796875
544.8967895507812
547.684326171875
547.263427734375
547.8095703125
545.5699462890625
545.9560546875
545.8800048828125
547.7122802734375
546.0865478515625
545.673828125
546.9361572265625
545.030517578125
547.0980224609375
548.314453125
546.290771484375
545.104736328125
546.4881591796875
545.9117431640625
546.18408203125
546.7401123046875
544.524658203125
546.58056640625
546.1069946289062
544.4478149414062
547.9146728515625
544.9654541015625
546.3184814453125
546.1021118164062
543.619140625
545.6920776367188
544.52392578125
546.0158081054688
546.3574829101562
546.1524658203125
544.1713256835938
548.1618041992188
546.674072265625
547.099609375
545.6329956054688
546.3192138671875
546.4140014648438
545.5827026367188
548.4745483398438
544.8873901367188
548.1600341796875
543.9482421875
544.5439453125
544.7786865234375
545.163330078125
544.57080078125
544.8519287109375
545.7398681640625
547.23583984375
545.2824096679688
545.7235107421875
545.5971069335938
546.1234130859375
544.3572998046875
546.2715454101562
545.7869873046875
545.67333984375
546.9920654296875
544.3771362304688
546.3916015625
544.05615234375
545.85009765625
542.854248046875
544.7874755859375
546.1932373046875
544.4617919921875
544.959228515625
546.5589599609375
545.109375
543.8042602539062
544.5057983398438
545.5762329101562
545.823974609375
545.1988525390625
545.78662109375
543.8038330078125
545.9113159179688
545.902587890625
546.26953125
546.8302001953125
546.6818237304688
545.4249267578125
544.5067138671875
545.2633056640625
545.5745239257812
546.2354736328125
545.3026733398438
546.8150024414062
546.125732421875
544.2852172851562
543.8197021484375
543.7078247070312
544.3930053710938
546.5225219726562
547.0083618164062
546.7966918945312
544.9574584960938
544.9482421875
544.9942626953125
543.7081298828125
544.4000244140625
545.7142333984375
545.927001953125
543.8258666992188
546.6434326171875
543.254638671875
544.8878173828125
546.5985107421875
548.2291259765625
546.743408203125
544.75048828125
545.4996337890625
545.4917602539062
545.6510009765625
544.8056640625
547.1497802734375
543.2266845703125
545.686767578125
544.2279663085938
544.919189453125
544.576171875
546.4386596679688
544.5172729492188
544.844970703125
544.9959716796875
545.443359375
545.1292114257812
545.3824462890625
546.3627319335938
545.1273193359375
544.8794555664062
544.999267578125
547.4375
543.8935546875
546.349365234375
542.3062133789062
544.2296142578125
544.047607421875
545.64892578125
543.7313232421875
544.12255859375
545.8839111328125
544.91650390625
545.342041015625
546.97607421875
545.6227416992188
546.239501953125
543.2574462890625
545.389892578125
546.0643310546875
546.8048095703125
544.0462646484375
545.1343994140625
545.4642333984375
545.635986328125
544.848388671875
544.1102294921875
544.1593017578125
544.090576171875
545.1845703125
545.751953125
544.6107788085938
544.160888671875
545.7394409179688
543.657958984375
546.2470703125
545.9749755859375
543.34228515625
544.314453125
545.735107421875
545.3678588867188
543.89892578125
544.45361328125
546.7537841796875
543.6117553710938
545.3468627929688
545.7587890625
545.3336791992188
544.4804077148438
544.4161376953125
545.012451171875
544.2847900390625
545.0075073242188
544.5673828125
544.9005737304688
544.0513305664062
544.52197265625
546.15478515625
545.96240234375
543.5907592773438
545.8734130859375
546.3515625
543.90087890625
545.0205078125
544.1620483398438
543.3641967773438
544.779296875
545.5914306640625
542.6987915039062
545.0665283203125
545.65673828125
546.021484375
544.123046875
544.4287109375
543.903076171875
546.5643310546875
546.313720703125
543.47021484375
543.7061767578125
543.5830078125
544.66748046875
543.9432373046875
544.731201171875
543.8575439453125
546.2381591796875
545.5933837890625
544.1356201171875
547.327392578125
544.3128662109375
544.705078125
543.8521118164062
544.2772827148438
545.4899291992188
544.8587036132812
543.9840698242188
542.918212890625
544.198486328125
544.35791015625
544.2338256835938
544.1949462890625
545.1039428710938
543.9749755859375
543.731201171875
544.0037841796875
546.154296875
542.7352294921875
546.87060546875
542.764892578125
544.79345703125
544.3685302734375
543.0715942382812
543.4392700195312
542.515380859375
544.1573486328125
545.7786865234375
543.2921142578125
543.7139282226562
545.757080078125
544.4878540039062
544.6619262695312
546.465576171875
545.0150146484375
543.6746826171875
544.646240234375
544.1773681640625
543.4828491210938
545.4091796875
545.8406982421875
543.4456787109375
546.35888671875
544.7171020507812
543.6045532226562
543.8335571289062
544.1322021484375
543.6843872070312
544.414306640625
545.558349609375
544.189453125
546.0533447265625
543.0498046875
544.8598022460938
545.624267578125
546.8967895507812
546.0906982421875
543.0410766601562
543.5221557617188
542.9859619140625
543.3470458984375
545.03759765625
544.0524291992188
543.6416625976562
544.7295532226562
544.8287963867188
545.3184204101562
545.9388427734375
544.804443359375
543.187255859375
544.3746337890625
543.9415283203125
542.0877685546875
544.029052734375
545.82568359375
543.764404296875
544.1420288085938
546.4384765625
542.3082275390625
544.39013671875
542.8365478515625
543.7360229492188
541.65087890625
545.0632934570312
543.4007568359375
542.8394165039062
544.0554809570312
542.9552001953125
544.1141357421875
542.932861328125
544.614013671875
545.9085083007812
542.9868774414062
545.5133056640625
542.7214965820312
544.0208129882812
545.5675048828125
543.1707763671875
544.0474853515625
544.1903686523438
546.25634765625
544.504150390625
544.3364868164062
545.5546875
544.6080932617188
542.7776489257812
543.578857421875
542.6415405273438
542.226806640625
544.8660278320312
544.9984130859375
542.9754638671875
542.8867797851562
543.3302001953125
543.29248046875
543.1618041992188
544.7845458984375
545.1837158203125
543.112548828125
542.5552368164062
542.9359130859375
545.6909790039062
542.90380859375
543.7496337890625
543.4773559570312
544.0658569335938
545.1685791015625
543.8961181640625
543.6513061523438
542.93505859375
543.2111206054688
543.9150390625
542.913330078125
543.8909301757812
544.0875244140625
543.4278564453125
544.1422119140625
543.7987670898438
543.39208984375
543.0325927734375
543.94677734375
544.205078125
544.06494140625
543.9027099609375
543.6500244140625
543.6199951171875
545.306884765625
543.9407958984375
543.877197265625
543.16943359375
543.6553955078125
543.7805786132812
543.5430908203125
543.6192626953125
543.9471435546875
545.26611328125
543.55810546875
543.6294555664062
543.1615600585938
544.4075927734375
545.4617309570312
542.7760620117188
542.1444091796875
544.9349975585938
542.6837158203125
542.0204467773438
541.481201171875
544.4962158203125
542.3671875
544.3983154296875
542.131591796875
543.5325927734375
544.1494140625
542.3929443359375
544.0553588867188
544.382568359375
542.3271484375
541.5491943359375
544.1201782226562
544.38330078125
543.5484619140625
543.65771484375
545.12646484375
542.103271484375
542.3433837890625
544.6368408203125
544.078125
543.9462890625
542.9058837890625
543.1907958984375
544.584716796875
543.9151611328125
544.4298095703125
542.66015625
546.8234252929688
544.6866455078125
544.7896118164062
541.631103515625
541.562255859375
544.3929443359375
542.6387939453125
543.7550048828125
544.0042724609375
544.4506225585938
541.3898315429688
542.4285888671875
543.408935546875
541.557373046875
543.439453125
542.5189208984375
543.2545166015625
542.70458984375
546.162841796875
543.932373046875
544.639404296875
543.9156494140625
543.9572143554688
544.068359375
543.3251953125
543.5885620117188
543.530517578125
541.392578125
542.0804443359375
543.0035400390625
541.6949462890625
542.494873046875
542.8751220703125
544.0653076171875
544.038818359375
545.2674560546875
543.4281005859375
544.5125732421875
543.4266357421875
542.8681640625
543.8765869140625
543.0875244140625
543.21728515625
544.0501098632812
543.7626953125
543.175537109375
541.6932373046875
542.7220458984375
543.9388427734375
545.1515502929688
544.8739013671875
543.5089111328125
544.1893920898438
544.7052001953125
543.8660888671875
542.1044921875
541.728271484375
543.2830810546875
543.0902709960938
542.4364013671875
543.3071899414062
544.2388916015625
542.592041015625
543.0426025390625
544.2314453125
542.73681640625
542.2833251953125
544.85400390625
542.4213256835938
541.3603515625
543.5277099609375
543.29150390625
543.5921630859375
542.278076171875
542.9531860351562
542.7161254882812
543.2593994140625
543.9259643554688
543.7393798828125
543.9732055664062
542.232177734375
540.9281005859375
542.7239990234375
543.0535888671875
544.5281372070312
543.68212890625
543.8553466796875
543.8643798828125
543.9185791015625
542.956298828125
543.6805419921875
542.32763671875
544.0713500976562
542.8846435546875
544.059326171875
543.7010498046875
543.1339111328125
542.5267944335938
543.3701171875
544.5689086914062
544.0439453125
541.4359741210938
543.1953735351562
546.354248046875
544.5631713867188
544.027587890625
542.456298828125
542.6971435546875
541.3613891601562
541.1661376953125
542.120849609375
542.9370727539062
543.5858154296875
541.8131103515625
541.57861328125
541.8737182617188
544.4329833984375
541.2954711914062
543.4522094726562
542.616943359375
542.7720947265625
542.6971435546875
541.725341796875
543.4638671875
541.6990356445312
544.512451171875
543.1475219726562
542.5895385742188
543.2809448242188
539.96484375
542.4794311523438
543.0361328125
544.37939453125
542.3244018554688
541.7720947265625
544.7835083007812
542.8278198242188
542.829833984375
543.3690185546875
542.947998046875
542.203369140625
543.7423095703125
540.344482421875
542.5629272460938
541.3050537109375
545.4517822265625
542.5037841796875
543.285400390625
542.2012939453125
543.6329345703125
543.2769775390625
542.5438842773438
544.0946044921875
544.1538696289062
541.5274658203125
542.6937255859375
543.3553466796875
542.3732299804688
541.3079833984375
541.9417724609375
543.4180908203125
542.0654296875
544.7010498046875
541.1627197265625
544.5985717773438
544.0621337890625
543.8939208984375
544.6764526367188
542.7386474609375
543.345703125
542.8208618164062
542.5462646484375
542.0943603515625
541.6573486328125
543.0452880859375
543.7542724609375
541.6016845703125
541.573486328125
542.798095703125
543.2688598632812
540.1448974609375
542.611572265625
544.0922241210938
542.80322265625
542.1624145507812
541.235107421875
542.5383911132812
541.9509887695312
541.1173095703125
543.306640625
543.9686889648438
545.3275146484375
542.7177734375
543.850341796875
541.511962890625
542.7159423828125
542.7945556640625
544.04736328125
542.8273315429688
542.3734130859375
541.4942626953125
543.254638671875
542.360595703125
540.7776489257812
540.2891235351562
543.275390625
541.9500122070312
540.1832275390625
542.365478515625
542.0414428710938
541.0029296875
542.8052978515625
542.477783203125
540.716064453125
542.2430419921875
542.423583984375
542.6467895507812
542.8240966796875
542.3125
541.5150146484375
541.3814697265625
540.8858642578125
542.6004028320312
541.1231689453125
543.4218139648438
542.2381591796875
542.9057006835938
542.1549072265625
539.142333984375
543.0601806640625
542.6557006835938
543.13818359375
541.0404052734375
542.6600341796875
544.05810546875
542.6652221679688
541.991943359375
541.837890625
542.98583984375
543.6754150390625
540.7822265625
541.1254272460938
542.804443359375
541.0435791015625
543.5517578125
543.6048583984375
542.4291381835938
543.945068359375
541.6068115234375
541.945068359375
543.56201171875
541.7876586914062
540.3431396484375
542.9503173828125
542.1704711914062
542.1459350585938
542.4783325195312
542.165771484375
541.107177734375
543.3207397460938
542.3345947265625
541.5584106445312
543.3564453125
542.6820068359375
543.55810546875
541.1901245117188
541.219482421875
541.6832885742188
542.041748046875
542.1136474609375
541.6283569335938
543.350830078125
542.6829833984375
540.7069702148438
543.199462890625
543.5176391601562
540.0982666015625
543.1072998046875
541.4954833984375
541.748046875
539.1092529296875
540.5867309570312
542.554931640625
541.490478515625
541.8703002929688
542.3642578125
541.4256591796875
541.8651733398438
541.9974975585938
543.8265380859375
542.0970458984375
540.6282348632812
544.312255859375
542.0635986328125
541.588623046875
540.8480224609375
543.0614013671875
543.1728515625
542.44921875
543.7791748046875
542.0911865234375
541.717529296875
542.3203125
542.6649169921875
541.6519775390625
544.1388549804688
541.5308837890625
543.081298828125
543.4273071289062
541.7777099609375
540.4584350585938
540.591064453125
541.8619384765625
542.9151000976562
540.963134765625
543.1049194335938
539.8154296875
540.8538818359375
541.45068359375
541.6305541992188
543.2496948242188
540.5496215820312
540.2753295898438
540.7420654296875
542.57763671875
539.9912109375
541.8670043945312
540.5576171875
544.6220703125
543.3919677734375
542.44921875
540.1163330078125
541.832275390625
540.9874267578125
543.538330078125
540.09814453125
541.247314453125
540.9913940429688
541.2659912109375
540.8198852539062
541.9896240234375
540.9163208007812
539.965576171875
543.0698852539062
541.6246337890625
540.4487915039062
539.33447265625
542.0997314453125
539.9725341796875
543.4603271484375
541.5101318359375
542.2232666015625
540.8526611328125
542.8988037109375
543.1878662109375
540.5653686523438
541.5797729492188
540.9526977539062
537.542724609375
540.1104736328125
541.9884643554688
541.0072631835938
540.2811279296875
539.806640625
540.3936767578125
541.26220703125
541.686767578125
541.3944702148438
543.9326171875
541.023193359375
542.52685546875
539.802490234375
541.6456298828125
541.746337890625
541.2890625
542.10498046875
539.3460083007812
541.3370361328125
539.5913696289062
542.1146240234375
541.6605224609375
540.276123046875
540.0546875
541.0892333984375
540.7962036132812
541.2952880859375
540.2017822265625
540.61181640625
541.8736572265625
539.2760009765625
541.82373046875
540.73486328125
541.6881713867188
539.8114013671875
542.1356811523438
543.3030395507812
541.7767944335938
540.9959716796875
540.1246337890625
541.859619140625
539.8546142578125
541.111328125
542.4212036132812
542.5217895507812
542.0386962890625
540.550048828125
540.2631225585938
539.3771362304688
540.77490234375
540.8604125976562
539.9808349609375
540.15185546875
541.42333984375
541.149169921875
541.302490234375
541.8021240234375
538.8228759765625
541.0660400390625
541.3425903320312
540.666748046875
539.5152587890625
543.508056640625
542.4859619140625
541.3770751953125
539.9615478515625
540.9553833007812
540.1793212890625
539.7969970703125
541.9628295898438
539.9194946289062
541.40771484375
542.3848876953125
539.18701171875
542.0364990234375
541.8192138671875
542.5367431640625
540.0265502929688
539.9810791015625
539.7723388671875
541.353759765625
541.4373779296875
541.4578857421875
540.56982421875
539.9752197265625
542.7241821289062
540.1741943359375
540.8408203125
539.7171630859375
538.4263916015625
541.7398681640625
539.8449096679688
540.82666015625
540.4034423828125
540.9117431640625
543.0733642578125
541.93212890625
540.1990966796875
539.4798583984375
540.571044921875
540.7332763671875
540.6376342773438
537.999755859375
541.7401733398438
540.168701171875
542.74462890625
541.0003662109375
540.78759765625
540.37353515625
541.8298950195312
539.5885009765625
539.8654174804688
540.5262451171875
541.495849609375
540.4815673828125
540.8428344726562
541.1419067382812
540.69287109375
539.8289794921875
540.2294311523438
539.9927978515625
539.5457763671875
539.8276977539062
540.0189208984375
540.160888671875
540.177001953125
538.901123046875
541.3616943359375
541.8148803710938
538.9481201171875
541.23974609375
540.65869140625
539.7843017578125
539.4263916015625
540.260986328125
542.3705444335938
540.8524169921875
538.5926513671875
539.9449462890625
540.916748046875
538.7554931640625
540.7192993164062
538.0069580078125
540.1567993164062
540.745849609375
541.2071533203125
538.4810791015625
540.4632568359375
539.345947265625
539.1907958984375
539.7604370117188
540.1612548828125
540.9888916015625
542.1956787109375
540.684814453125
539.7091064453125
541.9249267578125
542.59228515625
539.5458984375
541.383544921875
538.99609375
540.3761596679688
538.99951171875
539.021728515625
537.7864379882812
540.9998168945312
539.625
539.5154418945312
541.5029296875
539.4462280273438
538.5817260742188
540.8074951171875
541.0157470703125
540.2003173828125
540.813232421875
539.1646118164062
538.716552734375
539.7396240234375
539.3306884765625
538.9246826171875
540.77490234375
540.1826171875
538.7010498046875
539.8485107421875
540.1624755859375
541.0564575195312
538.3999633789062
540.8441162109375
540.5599365234375
539.1148681640625
540.7687377929688
540.834716796875
542.3387451171875
540.932373046875
540.11279296875
540.363525390625
540.3644409179688
540.8538818359375
541.0050048828125
537.990966796875
541.9437255859375
541.10009765625
540.646728515625
539.272705078125
542.51904296875
540.4173583984375
540.5025634765625
539.0731201171875
540.26513671875
543.0638427734375
538.9755249023438
540.092529296875
538.9035034179688
540.548828125
539.369140625
541.1820068359375
539.8583984375
539.6298828125
540.3959350585938
537.2997436523438
538.1025390625
539.514404296875
540.3893432617188
540.28515625
541.5172729492188
538.4667358398438
539.8161010742188
540.5111083984375
541.684326171875
540.2008666992188
540.8822021484375
540.6124267578125
539.3330078125
540.37255859375
540.3817138671875
540.8980102539062
540.2656860351562
536.2752075195312
541.0108032226562
539.2763061523438
539.0704345703125
541.1028442382812
540.0498657226562
539.736572265625
538.7586059570312
538.950927734375
541.213623046875
539.5432739257812
539.00390625
538.7337646484375
541.382080078125
538.364501953125
542.0194091796875
538.9088134765625
541.758544921875
540.4209594726562
540.780517578125
540.9334716796875
540.9747314453125
541.0279541015625
540.9549560546875
541.0752563476562
542.015869140625
541.369384765625
539.7230834960938
539.6510620117188
540.0767211914062
541.1484375
540.2894897460938
539.66845703125
540.31103515625
540.0894775390625
541.00439453125
539.9817504882812
538.8939208984375
538.0428466796875
538.566162109375
541.9896240234375
539.33154296875
538.933837890625
539.8449096679688
540.98046875
539.35302734375
539.2726440429688
541.5862426757812
540.080810546875
539.6768798828125
540.2603759765625
540.0491943359375
540.4902954101562
539.9352416992188
539.70361328125
538.672607421875
538.9107666015625
541.2561645507812
540.092041015625
539.0005493164062
539.5586547851562
539.7120971679688
539.5064697265625
540.2022705078125
540.918212890625
538.1600341796875
539.791015625
540.9791259765625
540.400146484375
539.1939697265625
537.1185302734375
540.3909912109375
541.4207763671875
538.788330078125
538.45947265625
539.4681396484375
540.7583618164062
539.5830688476562
539.231689453125
538.00732421875
539.419189453125
540.586181640625
540.7617797851562
539.525390625
539.6730346679688
540.15966796875
538.8510131835938
539.3345947265625
538.8098754882812
538.1097412109375
540.9527587890625
540.105712890625
537.7861328125
539.9361572265625
541.402099609375
540.6871948242188
538.494140625
539.9064331054688
538.31201171875
539.4630126953125
536.96337890625
540.7818603515625
540.138916015625
539.2740478515625
538.82568359375
536.6602783203125
539.3704833984375
539.3968505859375
540.0972290039062
539.393798828125
539.389404296875
540.3182373046875
540.1636962890625
537.61572265625
539.1131591796875
539.6695556640625
538.9688110351562
539.8731689453125
538.9442138671875
539.574951171875
538.6185302734375
539.06884765625
539.2316284179688
539.7127075195312
537.56591796875
539.7581787109375
539.8509521484375
537.8268432617188
536.4119873046875
539.5391845703125
538.9609375
538.8006591796875
539.0338134765625
539.326904296875
540.1244506835938
539.2178955078125
539.6861572265625
540.3200073242188
540.8338623046875
540.3017578125
538.575927734375
541.5111694335938
541.243408203125
540.0013427734375
537.97900390625
539.6898193359375
538.9185791015625
540.6361694335938
539.50634765625
537.0728759765625
539.355712890625
538.8016357421875
538.561767578125
537.897216796875
537.1658325195312
542.3151245117188
541.18505859375
537.9501953125
539.9806518554688
539.775634765625
542.781494140625
537.308837890625
539.8391723632812
540.3740844726562
538.5252685546875
540.2398681640625
539.6265869140625
538.9058837890625
539.6520385742188
540.8318481445312
537.1712036132812
541.6884765625
538.199462890625
541.171875
539.4188232421875
539.5330810546875
538.2857666015625
541.0941772460938
538.048583984375
538.2225341796875
540.5241088867188
538.758056640625
539.6551513671875
538.0487060546875
540.25
539.343017578125
539.6336059570312
538.14794921875
538.9159545898438
541.82080078125
538.33740234375
539.4271240234375
539.52392578125
538.966064453125
539.4683837890625
539.1082763671875
537.8636474609375
538.962890625
538.840576171875
539.2915649414062
539.536865234375
539.6331176757812
540.84619140625
536.7625732421875
539.5726318359375
540.6928100585938
538.3896484375
538.954345703125
536.8925170898438
538.2208251953125
539.7337036132812
537.6728515625
536.9490356445312
541.6240844726562
538.6718139648438
539.3097534179688
538.4677734375
538.4515380859375
538.0899658203125
541.0834350585938
539.4051513671875
540.8046264648438
539.2481079101562
539.2154541015625
538.4986572265625
538.0802001953125
538.86328125
537.412109375
538.818603515625
538.6243286132812
539.7899780273438
538.4622802734375
538.2286987304688
536.6571044921875
539.4442749023438
540.0217895507812
539.675537109375
539.94775390625
539.689697265625
538.760498046875
538.7828369140625
539.4178466796875
537.9974365234375
536.8748168945312
539.324951171875
538.8443603515625
539.8515014648438
537.5789794921875
538.634765625
538.46533203125
538.741455078125
539.3095092773438
540.2186279296875
537.976806640625
539.0263061523438
540.813232421875
540.0223388671875
539.9962158203125
539.34033203125
537.905517578125
539.009765625
536.7753295898438
539.2409057617188
536.313720703125
537.4059448242188
539.32177734375
538.799072265625
539.0631103515625
538.2947998046875
539.6875
538.391845703125
539.5909423828125
538.0560913085938
537.883544921875
540.2890625
539.2330322265625
538.1774291992188
538.9487915039062
539.6167602539062
540.76171875
540.0896606445312
538.2967529296875
537.9299926757812
540.1209716796875
537.510498046875
538.0516357421875
541.1461791992188
538.2297973632812
538.2103271484375
538.3087158203125
538.498291015625
538.2340087890625
540.2427978515625
538.8480224609375
538.673095703125
537.7998046875
538.1154174804688
540.9485473632812
538.1671142578125
538.97607421875
538.0732421875
539.6209716796875
539.0497436523438
537.831298828125
538.380859375
537.60888671875
539.2682495117188
537.973876953125
539.231201171875
539.8472290039062
539.6181640625
539.4872436523438
537.802490234375
539.4383544921875
537.534423828125
539.3900146484375
538.7083740234375
537.8614501953125
538.697021484375
538.2550048828125
540.0570678710938
538.9031982421875
538.9845581054688
539.0634765625
539.7325439453125
538.59326171875
538.3534545898438
538.8897705078125
538.3929443359375
537.1422119140625
540.1328735351562
537.8983154296875
539.51708984375
538.470703125
538.4520263671875
539.1574096679688
537.4449462890625
539.9141845703125
538.0826416015625
538.5711669921875
538.5624389648438
539.3314819335938
538.4910888671875
537.4443359375
541.5133056640625
538.3189086914062
537.9620971679688
539.229248046875
537.9774169921875
537.2741088867188
539.78125
542.1251220703125
538.2885131835938
539.1507568359375
540.8675537109375
540.19482421875
537.09033203125
540.316162109375
538.9234008789062
537.2850952148438
538.8485107421875
538.5380249023438
540.1044921875
540.2763671875
538.6422119140625
538.9131469726562
539.440185546875
536.3831176757812
537.5869140625
537.1190185546875
537.849853515625
538.9200439453125
537.9791259765625
538.899169921875
538.3526611328125
538.8546142578125
538.1875
539.5545654296875
537.84716796875
538.7538452148438
539.24462890625
539.2939453125
537.3236083984375
539.3271484375
539.470703125
538.9642944335938
537.8009033203125
538.0677490234375
536.95849609375
538.4981689453125
537.070068359375
537.8935546875
538.2333984375
538.6228637695312
537.5498046875
539.2342529296875
538.8058471679688
537.6912841796875
538.3036499023438
537.3607788085938
539.146728515625
538.6552734375
538.8530883789062
536.8667602539062
538.2764892578125
538.0732421875
538.1054077148438
538.639892578125
536.56982421875
536.6470947265625
536.8969116210938
538.5543212890625
538.3025512695312
536.9259033203125
538.6126708984375
539.782958984375
538.0616455078125
539.5890502929688
539.6071166992188
538.9405517578125
539.4371337890625
536.6920166015625
537.71533203125
538.1021118164062
539.293212890625
539.052734375
537.1378173828125
539.2210693359375
539.4801025390625
538.162353515625
539.2333374023438
537.592529296875
538.53955078125
538.39208984375
538.71728515625
538.3114624023438
538.566650390625
537.25244140625
537.9693603515625
536.174560546875
540.2278442382812
540.2158813476562
539.26220703125
536.67626953125
538.4757080078125
539.46435546875
535.8917236328125
537.0880126953125
538.1093139648438
539.78662109375
538.146240234375
537.0353393554688
540.3797607421875
539.7679443359375
539.4144897460938
537.709228515625
537.4063720703125
537.6934204101562
539.12890625
538.29541015625
539.321044921875
538.02099609375
539.2010498046875
538.8519897460938
539.79443359375
538.4632568359375
538.751953125
539.2015380859375
539.7708740234375
539.1934204101562
536.3275756835938
537.3155517578125
538.651123046875
536.201171875
538.1882934570312
537.196044921875
538.6434326171875
539.3651733398438
538.931640625
538.0552978515625
541.249755859375
538.4547119140625
541.0521240234375
536.4295043945312
540.2474365234375
537.7763671875
538.9658203125
539.1231079101562
538.44921875
539.7108154296875
537.8434448242188
536.919677734375
539.0186157226562
537.3593139648438
538.3885498046875
537.9571533203125
536.5602416992188
538.2708740234375
537.8656616210938
538.1854858398438
538.7105712890625
540.0133056640625
536.51318359375
537.7783813476562
538.974609375
538.062744140625
537.2717895507812
537.853271484375
535.8085327148438
538.298583984375
538.67236328125
536.701904296875
536.8057861328125
537.1611328125
537.75439453125
537.2276611328125
539.1915893554688
539.5527954101562
537.8372192382812
537.4580078125
537.1429443359375
539.68115234375
540.41357421875
537.70703125
538.089111328125
537.6281127929688
538.7686767578125
537.3846435546875
537.964599609375
537.1888427734375
535.7567138671875
537.8851318359375
539.6064453125
537.4085083007812
538.7734375
537.3616943359375
536.7513427734375
537.1087646484375
538.7164306640625
537.9141845703125
536.4495849609375
538.2838745117188
538.010498046875
537.1153564453125
537.607177734375
537.34619140625
538.357421875
537.836181640625
537.6981201171875
538.7017211914062
537.3928833007812
538.5980224609375
536.7339477539062
535.2965087890625
539.38037109375
539.0855712890625
537.5908203125
537.7509765625
537.3516845703125
538.21533203125
538.298583984375
538.89404296875
536.6708374023438
538.156005859375
538.60009765625
538.6806640625
539.5624389648438
539.530029296875
536.6121826171875
538.084228515625
538.7593383789062
537.6630249023438
538.4595947265625
537.782470703125
537.6635131835938
539.455322265625
538.3392333984375
537.2229614257812
538.3702392578125
537.8238525390625
538.025634765625
536.8909912109375
537.508056640625
537.795166015625
536.9339599609375
537.134033203125
536.9007568359375
539.1640625
536.6136474609375
538.1343383789062
538.3352661132812
537.3248291015625
538.2989501953125
536.5516357421875
538.24609375
537.656982421875
537.7515869140625
536.1634521484375
538.6624755859375
538.4085693359375
537.7579345703125
538.396484375
537.6461181640625
540.1129760742188
536.4066162109375
538.021728515625
537.0338134765625
538.373046875
536.0505981445312
538.1785888671875
537.8987426757812
537.914306640625
539.556396484375
537.597900390625
534.3369140625
537.302734375
535.8939208984375
537.3438110351562
537.6378784179688
539.5053100585938
537.3935546875
537.1776123046875
538.2496337890625
538.1691284179688
536.6295166015625
538.01513671875
536.9710693359375
536.5654296875
535.9017333984375
534.7900390625
537.9130859375
535.2867431640625
538.2528686523438
537.8209228515625
537.6404418945312
537.18310546875
536.6248168945312
536.3377685546875
539.1881103515625
537.4998168945312
537.9165649414062
537.8681640625
538.3624267578125
538.770751953125
538.4210815429688
537.781982421875
539.5215454101562
537.2568359375
538.8494873046875
537.649169921875
536.984619140625
537.5767822265625
537.05126953125
539.4239501953125
537.50634765625
537.3684692382812
537.1659545898438
538.3421020507812
537.6064453125
539.3572998046875
537.633056640625
538.3900146484375
535.7154541015625
537.0870361328125
537.203857421875
537.3919677734375
535.956787109375
536.852783203125
537.0755615234375
535.9086303710938
536.9832763671875
535.4404907226562
536.5437622070312
536.63330078125
536.171875
537.1885375976562
537.217041015625
536.5228271484375
537.0137939453125
536.475830078125
539.0975341796875
535.35205078125
537.5813598632812
538.9202880859375
538.7073364257812
537.4598388671875
536.934814453125
535.9052734375
536.0933837890625
539.9329833984375
538.468017578125
538.110107421875
535.8734741210938
537.084228515625
538.2459716796875
537.1407470703125
538.4050903320312
536.855712890625
536.3203735351562
536.8080444335938
537.6318969726562
535.42333984375
537.6649169921875
538.8272705078125
537.9862670898438
536.0582275390625
538.1532592773438
537.8695068359375
534.9658813476562
535.9827880859375
537.103759765625
536.5626220703125
538.2471313476562
537.1317138671875
536.8405151367188
539.7699584960938
537.3313598632812
536.8409423828125
537.4927978515625
537.2791137695312
535.6456298828125
536.5905151367188
537.8314208984375
536.6400756835938
535.75146484375
537.2420654296875
537.7808227539062
537.5386962890625
537.0238037109375
538.5665283203125
538.3746948242188
533.8221435546875
536.694091796875
537.7747192382812
538.3406982421875
535.84326171875
537.5767211914062
536.3738403320312
538.3678588867188
536.109619140625
538.4243774414062
536.5958862304688
536.81396484375
536.4432373046875
536.4666748046875
536.924072265625
537.3355712890625
536.1226806640625
538.0250244140625
536.920654296875
537.412109375
537.150146484375
535.3697509765625
537.11083984375
535.9713134765625
537.5240478515625
538.0116577148438
536.083251953125
537.5691528320312
535.999267578125
536.4817504882812
536.2698974609375
537.2946166992188
536.3185424804688
538.8011474609375
536.6331787109375
536.044189453125
534.3651733398438
535.4088134765625
537.0626220703125
539.2757568359375
535.214111328125
537.888916015625
537.7738037109375
536.8959350585938
538.57373046875
538.3773803710938
533.2918701171875
536.1524047851562
537.5694580078125
536.2722778320312
537.8857421875
537.531982421875
536.1693725585938
538.4747924804688
535.5985107421875
536.51611328125
536.716064453125
535.890380859375
535.6864013671875
536.2267456054688
533.7899169921875
536.1038818359375
535.9063720703125
538.29833984375
537.0400390625
536.7529907226562
537.845947265625
539.0986938476562
536.6895751953125
537.1085205078125
536.2945556640625
535.4610595703125
537.270751953125
535.1922607421875
535.0247802734375
536.123046875
537.51171875
536.7664794921875
536.7119750976562
536.0541381835938
536.7960205078125
536.5626220703125
537.0685424804688
537.3407592773438
536.370849609375
534.65478515625
537.2574462890625
534.59765625
536.7401123046875
537.2926635742188
536.47802734375
538.0980224609375
535.9917602539062
534.816650390625
535.7523193359375
534.7081298828125
535.2586059570312
537.4957885742188
537.1976318359375
536.113525390625
534.5118408203125
537.0250854492188
536.0116577148438
536.524658203125
536.0790405273438
536.2176513671875
535.541748046875
536.5035400390625
538.0535888671875
537.3467407226562
538.0875244140625
537.60791015625
537.79443359375
537.359130859375
536.1029052734375
538.4619140625
538.25048828125
538.393310546875
536.2174072265625
536.3223876953125
536.7598876953125
535.366943359375
535.4253540039062
536.357666015625
535.761962890625
537.3675537109375
539.344482421875
535.1778564453125
534.7882080078125
537.4007568359375
537.9827880859375
538.0353393554688
536.2406616210938
536.9130859375
537.3489990234375
536.72314453125
535.956298828125
533.381591796875
536.2548217773438
537.6456298828125
535.212646484375
536.186767578125
534.1666870117188
537.1647338867188
536.0894775390625
536.894775390625
536.8262939453125
537.0827026367188
536.4376220703125
537.0877685546875
537.149169921875
534.655517578125
536.539306640625
537.3858642578125
536.2540283203125
535.3092041015625
536.4219970703125
534.9010620117188
537.2660522460938
536.2103271484375
534.8245239257812
537.8101806640625
537.3699340820312
536.8063354492188
537.6508178710938
535.7261352539062
535.4306640625
536.7613525390625
536.512451171875
536.7683715820312
535.5015869140625
535.8404541015625
535.0185546875
537.9480590820312
535.4238891601562
535.722900390625
534.8466796875
535.2312622070312
535.0654907226562
536.4410400390625
537.7756958007812
535.2428588867188
535.039794921875
536.5197143554688
535.4375
535.9295043945312
538.2236328125
535.35302734375
536.3690185546875
537.1464233398438
536.7003173828125
537.14306640625
536.5834350585938
536.77978515625
534.558837890625
536.6785888671875
536.11328125
534.594970703125
535.4751586914062
537.5928955078125
536.8837280273438
536.89990234375
535.7769775390625
534.7096557617188
536.4315185546875
537.2657470703125
535.4310302734375
537.9031372070312
536.2396850585938
536.853759765625
535.1392822265625
536.2933959960938
536.9815673828125
535.584228515625
536.8250732421875
536.1561889648438
536.7938842773438
535.2116088867188
536.4349365234375
536.2244873046875
534.06201171875
536.921142578125
536.25048828125
536.9395751953125
535.5077514648438
537.7686767578125
534.0667114257812
536.9454345703125
533.973876953125
536.834716796875
536.0591430664062
533.9221801757812
537.0142822265625
536.6986083984375
534.9193115234375
536.2066040039062
537.7823486328125
536.0941162109375
535.47265625
533.3189697265625
535.2888793945312
536.236572265625
537.2727661132812
536.1177978515625
536.6729736328125
535.7076416015625
536.0576171875
535.8328247070312
538.8172607421875
535.9073486328125
536.4579467773438
536.8192138671875
535.9849853515625
536.994873046875
536.30419921875
535.4564208984375
536.7741088867188
533.1964111328125
536.095458984375
535.7353515625
535.6566162109375
534.394287109375
535.8562622070312
537.5784301757812
535.52099609375
536.900390625
535.7284545898438
535.0692138671875
535.2733154296875
535.8019409179688
535.4011840820312
535.8319091796875
535.6265869140625
534.6128540039062
534.46728515625
533.099609375
536.1883544921875
534.875732421875
534.556884765625
537.2774047851562
534.9326171875
537.5018920898438
536.0888061523438
535.1150512695312
533.698486328125
537.1887817382812
534.0220947265625
535.8162231445312
534.3787841796875
534.4852294921875
536.45703125
535.4921875
535.04443359375
535.4955444335938
536.6195068359375
535.3352661132812
536.309814453125
534.8684692382812
536.6051025390625
536.4168701171875
536.7177124023438
536.2811889648438
534.372802734375
537.3670654296875
533.7384033203125
535.9402465820312
535.3562622070312
535.3443603515625
536.113525390625
535.13330078125
537.2813720703125
536.387939453125
535.5075073242188
534.004638671875
536.41796875
535.0205078125
536.76025390625
536.6658325195312
535.2352294921875
535.8870239257812
534.264404296875
536.266357421875
536.52783203125
537.1217041015625
534.82373046875
535.7813720703125
535.4371948242188
534.6246337890625
535.0921630859375
535.4385986328125
537.530517578125
534.326904296875
535.798583984375
534.4943237304688
536.4114990234375
536.4063720703125
534.6320190429688
536.7015380859375
535.5638427734375
535.09228515625
534.6420288085938
535.8377685546875
535.9124755859375
534.3336791992188
534.751953125
534.6339111328125
534.634521484375
535.1259155273438
535.056396484375
536.759521484375
536.5621948242188
535.4437255859375
535.5164184570312
536.0577392578125
534.634765625
534.2440185546875
536.5604248046875
535.5493774414062
535.115234375
537.102783203125
536.0899047851562
535.3304443359375
536.9658203125
535.4053955078125
536.2152099609375
534.2550048828125
536.8994140625
536.1846923828125
535.6824951171875
536.72900390625
535.6442260742188
533.7545166015625
534.0545654296875
536.0748291015625
535.284423828125
535.147705078125
533.922607421875
536.033935546875
535.8865966796875
536.0689086914062
533.4619140625
535.6898193359375
535.250732421875
534.14453125
534.1495361328125
535.4501953125
535.4490966796875
534.1649780273438
534.427978515625
535.6727905273438
535.366455078125
537.65234375
535.5496215820312
535.4814453125
536.8885498046875
534.8140869140625
533.90283203125
534.3848266601562
534.8204956054688
536.00927734375
535.629638671875
534.22119140625
536.9298095703125
536.1185302734375
534.3016357421875
534.5081176757812
534.5120849609375
533.8008422851562
535.5291748046875
536.5533447265625
536.58056640625
534.919677734375
536.3853759765625
534.609375
534.63623046875
535.7655029296875
535.3477172851562
533.8734130859375
535.126220703125
536.1074829101562
534.16796875
535.9405517578125
535.3543090820312
534.8489990234375
535.533935546875
537.6635131835938
533.939697265625
534.8621826171875
536.6336669921875
535.1417846679688
536.0070190429688
536.1143798828125
535.76220703125
533.98291015625
537.1106567382812
534.6720581054688
534.8281860351562
533.7850952148438
534.9541625976562
536.432373046875
534.9320678710938
536.4336547851562
534.1784057617188
535.1986694335938
534.619873046875
535.20849609375
536.28173828125
533.6158447265625
536.1102294921875
536.3515625
534.71044921875
534.7201538085938
534.1280517578125
536.4561767578125
536.2792358398438
535.7591552734375
535.03076171875
534.2607421875
535.84716796875
537.7815551757812
536.39453125
535.7193603515625
535.057861328125
533.5838623046875
533.8438720703125
536.3943481445312
534.5263671875
534.819091796875
535.2987060546875
534.24560546875
535.32373046875
535.6421508789062
535.78125
535.9271240234375
536.24658203125
536.1671142578125
535.654541015625
536.96875
534.4744873046875
534.0692138671875
534.4796142578125
536.9774169921875
533.5776977539062
534.6348876953125
535.1089477539062
536.4135131835938
534.1708374023438
535.5894165039062
533.9488525390625
534.786865234375
535.1846313476562
535.1693725585938
535.0452270507812
533.7096557617188
535.9359130859375
535.417724609375
535.0923461914062
534.7672729492188
534.9715576171875
536.805419921875
533.398193359375
536.6747436523438
535.186279296875
535.7423706054688
534.6952514648438
532.9193115234375
536.4014892578125
535.1705322265625
533.6270141601562
532.330810546875
532.6818237304688
535.2670288085938
533.9884033203125
534.4925537109375
536.5919189453125
532.4710693359375
535.007568359375
534.75537109375
536.1866455078125
535.817626953125
534.9646606445312
532.849365234375
534.4085693359375
535.7449340820312
535.56005859375
533.1388549804688
534.5606079101562
534.9845581054688
534.2190551757812
534.1161499023438
532.4775390625
537.3553466796875
536.442626953125
535.0369873046875
536.1055908203125
535.2388916015625
534.0736083984375
534.9140625
534.0419311523438
534.552490234375
534.1176147460938
534.59130859375
534.81787109375
535.2320556640625
535.3035888671875
534.7332763671875
535.8853759765625
537.5689086914062
534.8372802734375
535.1285400390625
534.774658203125
535.5989990234375
534.6810302734375
533.9505615234375
534.8300170898438
535.474365234375
534.26318359375
532.1904296875
533.35546875
534.87939453125
533.775390625
535.9077758789062
534.5775146484375
534.8470458984375
534.7409057617188
535.2039794921875
534.8213500976562
534.456298828125
534.0848999023438
536.129150390625
532.4666137695312
534.1065063476562
533.8151245117188
534.30615234375
533.4349365234375
535.2940063476562
534.86083984375
535.1949462890625
535.57666015625
535.287841796875
534.7740478515625
533.955810546875
535.4761962890625
535.6792602539062
533.60205078125
536.4126586914062
535.7035522460938
532.6522827148438
535.0729370117188
534.396484375
532.8472900390625
533.7754516601562
534.451904296875
535.5374145507812
535.0462646484375
536.3298950195312
534.1209106445312
536.0556030273438
534.9752197265625
533.6891479492188
531.2728271484375
533.601806640625
535.6612548828125
534.1488037109375
532.966064453125
535.78515625
536.31005859375
533.9837646484375
534.162841796875
534.2068481445312
536.11669921875
533.760498046875
535.544677734375
532.7481689453125
532.7162475585938
535.71484375
533.6551513671875
534.4674682617188
534.4971923828125
534.99853515625
534.8258056640625
534.4627685546875
534.5692138671875
535.2138061523438
535.1087646484375
533.3485717773438
533.3743896484375
533.8170776367188
534.8732299804688
533.693603515625
535.417236328125
533.0384521484375
534.159912109375
533.883544921875
535.2506713867188
534.7405395507812
534.5145874023438
533.321044921875
533.4326782226562
533.4688720703125
534.7728271484375
534.5418701171875
536.10107421875
532.7750854492188
