None
None
None
None
None
None
None
None
None
None
None
None
None
None
None
None
None
None
None
None
None
None
None
None
None
None
None
None
None
None
None
None
None
None
None
539.7670288085938
588.19287109375
594.1117553710938
512.5126953125
582.1424560546875
649.3709716796875
623.1600341796875
529.2119140625
629.134521484375
515.031494140625
572.3770751953125
530.2515869140625
575.104248046875
616.7091064453125
597.1416015625
522.0648193359375
523.9569702148438
681.1594848632812
536.5821533203125
419.37811279296875
516.1943359375
498.3101501464844
441.43072509765625
428.4806823730469
468.60858154296875
489.9346008300781
359.5057373046875
508.11444091796875
475.02154541015625
358.501708984375
325.66009521484375
343.1985168457031
449.26123046875
375.2477111816406
295.4012451171875
327.77056884765625
359.4057922363281
331.34075927734375
354.8411865234375
391.244384765625
275.42462158203125
271.3748779296875
262.58984375
273.7110290527344
333.14410400390625
263.66387939453125
262.98760986328125
238.4776611328125
199.88230895996094
304.9710998535156
232.083984375
201.22830200195312
203.98007202148438
206.49551391601562
197.51670837402344
174.67581176757812
171.4092559814453
180.9160614013672
242.7799530029297
196.76756286621094
139.26824951171875
126.92271423339844
124.0006103515625
123.37669372558594
202.97317504882812
158.89791870117188
107.75538635253906
120.48719024658203
110.23905944824219
128.19534301757812
156.3834228515625
110.28012084960938
93.75285339355469
129.85472106933594
107.7682876586914
93.14022064208984
75.23847961425781
91.36360168457031
132.87954711914062
133.874755859375
85.01246643066406
110.28048706054688
87.93370056152344
109.81378173828125
89.68748474121094
124.06120300292969
112.01475524902344
61.04432678222656
78.11470031738281
111.11239624023438
80.1050033569336
76.38440704345703
100.92269897460938
99.40892028808594
105.0915756225586
123.43335723876953
78.94224548339844
120.49897766113281
86.57015991210938
88.3578872680664
85.04032897949219
107.82746887207031
79.89444732666016
63.58526611328125
122.11688232421875
54.38950729370117
126.62201690673828
111.42845153808594
123.50715637207031
89.47377014160156
73.12296295166016
65.8138427734375
132.7138671875
69.60610961914062
177.9470672607422
145.61578369140625
117.41849517822266
70.88800048828125
102.79080200195312
100.27772521972656
77.60128021240234
66.53592681884766
72.09065246582031
137.81838989257812
101.06546020507812
89.77571105957031
102.14485168457031
89.90818786621094
96.01715087890625
91.58416748046875
64.4599609375
86.09089660644531
75.65349578857422
83.30571746826172
599.153564453125
77.32063293457031
859.1143798828125
345.38177490234375
69.66888427734375
115.56256103515625
102.80908203125
82.90596771240234
157.45709228515625
129.3299102783203
110.18445587158203
61.09580993652344
77.95637512207031
107.71473693847656
747.5982666015625
658.5101318359375
91.63261413574219
505.2815246582031
96.5693359375
111.88568115234375
552.4100341796875
139.022216796875
78.3331527709961
94.13105773925781
128.9896240234375
700.6148681640625
262.5775146484375
470.70501708984375
94.58409881591797
118.10247802734375
115.60400390625
123.30572509765625
86.63175201416016
748.8290405273438
136.6105499267578
107.40685272216797
97.93988037109375
468.4602355957031
140.00082397460938
765.4495239257812
79.37989044189453
112.84383392333984
89.83975219726562
117.82279205322266
282.4298400878906
601.876220703125
124.18441772460938
90.893798828125
408.7063903808594
87.55760192871094
97.5548095703125
115.72605895996094
120.12406921386719
116.70771789550781
709.275146484375
1085.751953125
112.61836242675781
379.87286376953125
116.79520416259766
89.42022705078125
138.55044555664062
636.5841064453125
125.04158020019531
184.55181884765625
147.75892639160156
102.61376190185547
108.87419128417969
112.79102325439453
139.2498321533203
179.20274353027344
122.02764892578125
102.25357818603516
81.61727905273438
101.07595825195312
109.95838928222656
271.2243957519531
145.59112548828125
754.5550537109375
853.6066284179688
116.29055786132812
752.23095703125
522.802978515625
95.21307373046875
121.24097442626953
93.86058044433594
212.80776977539062
118.46592712402344
111.83406829833984
601.9839477539062
706.1292724609375
105.14044952392578
1072.60400390625
136.15646362304688
688.5994873046875
249.6049346923828
606.8546142578125
169.76458740234375
137.76837158203125
156.5533447265625
100.55103302001953
147.113525390625
128.541259765625
119.35360717773438
100.3997802734375
168.04177856445312
120.84815216064453
125.85863494873047
112.75780487060547
124.48919677734375
614.5029296875
104.95587158203125
605.7825927734375
122.96566772460938
127.69644165039062
97.36780548095703
153.29635620117188
799.6005249023438
194.70712280273438
106.98381805419922
144.2668914794922
115.00948333740234
542.494873046875
117.72807312011719
371.643310546875
538.50244140625
90.91928100585938
99.209228515625
106.01145935058594
111.31378173828125
112.93342590332031
132.75
136.6884765625
146.62600708007812
806.59619140625
110.822021484375
95.22600555419922
98.97528076171875
100.20742797851562
104.06526184082031
142.07176208496094
461.37139892578125
122.41814422607422
133.5084228515625
91.81088256835938
616.7718505859375
101.02033233642578
785.7484741210938
122.53319549560547
129.6343231201172
104.59285736083984
92.87295532226562
87.18013000488281
121.141357421875
775.2684326171875
87.84764099121094
107.34837341308594
102.36540985107422
601.769287109375
103.73568725585938
136.5703582763672
120.22700500488281
95.40948486328125
91.83843231201172
101.82936096191406
77.5824966430664
120.0074234008789
153.63392639160156
120.61663818359375
162.4410400390625
145.1416473388672
132.24256896972656
110.60652160644531
862.26171875
82.2657241821289
129.01248168945312
123.80357360839844
102.0390625
109.46914672851562
126.03422546386719
104.8975601196289
143.60887145996094
762.9967041015625
628.7225952148438
117.64389038085938
168.31373596191406
97.83441925048828
108.9442138671875
119.08527374267578
80.47518920898438
134.3897247314453
102.68632507324219
92.98544311523438
127.60945129394531
108.60053253173828
152.30673217773438
92.99966430664062
119.10564422607422
131.9147491455078
106.42163848876953
79.81112670898438
252.72250366210938
97.75111389160156
729.84375
135.71180725097656
494.2547607421875
355.12335205078125
384.31280517578125
91.21556854248047
97.80651092529297
120.81713104248047
106.21377563476562
95.0517578125
103.28208923339844
115.17692565917969
125.97624206542969
150.6813507080078
96.160400390625
109.52859497070312
787.4156494140625
97.73562622070312
100.10710906982422
107.82443237304688
93.63923645019531
435.013427734375
173.43545532226562
78.688232421875
831.5538940429688
686.297607421875
102.84609985351562
114.15729522705078
119.16839599609375
111.49977111816406
96.36700439453125
121.18319702148438
132.48617553710938
98.8053970336914
93.25251770019531
95.81298065185547
660.15185546875
823.70556640625
137.5790557861328
137.63174438476562
130.5674591064453
97.13392639160156
140.87274169921875
264.14276123046875
93.97293090820312
125.02830505371094
144.96246337890625
95.77645874023438
130.72384643554688
140.89932250976562
174.06533813476562
852.011474609375
118.475341796875
126.32756042480469
141.14816284179688
145.82028198242188
144.37945556640625
109.19657897949219
111.96385192871094
509.50079345703125
168.9569091796875
136.60528564453125
148.15029907226562
143.07220458984375
111.61598205566406
138.98135375976562
184.4371795654297
112.43511199951172
98.13949584960938
129.74151611328125
361.451416015625
118.47178649902344
175.72509765625
129.55453491210938
103.88285827636719
104.15681457519531
135.99269104003906
99.17536926269531
121.64588928222656
146.86746215820312
159.47201538085938
114.5180435180664
1703.42529296875
623.5965576171875
89.2910385131836
154.7587432861328
127.38865661621094
136.37631225585938
130.35340881347656
110.53016662597656
101.09700012207031
152.1964874267578
95.94857788085938
134.84715270996094
130.82461547851562
105.05691528320312
396.4390563964844
85.23410034179688
150.00448608398438
133.2213134765625
124.65110778808594
110.64596557617188
149.65444946289062
146.50169372558594
149.62835693359375
120.96334075927734
99.19659423828125
91.29170227050781
81.05476379394531
108.00509643554688
109.72909545898438
136.398193359375
107.55200958251953
155.8535614013672
96.46306610107422
101.73892211914062
190.38381958007812
114.55433654785156
92.97132873535156
97.18627166748047
727.3963623046875
81.17121887207031
154.0072021484375
163.28375244140625
834.547119140625
118.7954330444336
912.6572875976562
120.06458282470703
113.01256561279297
130.6199951171875
142.725830078125
475.12432861328125
91.1347427368164
853.8515625
132.50926208496094
114.12837982177734
132.92996215820312
137.70211791992188
197.84854125976562
114.88298797607422
149.5210723876953
135.39292907714844
125.65779876708984
131.98233032226562
147.29421997070312
159.92623901367188
400.86846923828125
131.62261962890625
109.98220825195312
124.04843139648438
105.2987060546875
123.3576889038086
97.79804229736328
116.80560302734375
357.2679443359375
123.2038345336914
101.15327453613281
103.38578796386719
138.5469970703125
131.01332092285156
138.8680419921875
141.03549194335938
128.73715209960938
109.0557632446289
171.27822875976562
900.7666015625
163.397216796875
945.2403564453125
118.33918762207031
145.219970703125
123.13394165039062
112.26176452636719
142.177734375
157.95681762695312
914.8214721679688
139.288818359375
109.69189453125
112.22383117675781
756.8927001953125
146.57400512695312
105.22840118408203
822.2745361328125
119.8330307006836
129.15005493164062
488.85870361328125
122.83331298828125
106.27740478515625
122.82978820800781
101.92964172363281
125.96398162841797
140.09014892578125
151.93142700195312
122.8309555053711
109.23370361328125
115.92790222167969
870.1915283203125
131.02590942382812
826.5609130859375
123.33684539794922
123.10286712646484
114.41805267333984
151.76292419433594
147.07089233398438
119.72251892089844
150.01686096191406
115.9406967163086
139.665771484375
389.098876953125
152.37786865234375
120.66921997070312
312.0040283203125
106.14781188964844
131.09661865234375
113.28587341308594
127.96054077148438
116.27197265625
139.4775390625
97.77993774414062
143.83311462402344
126.67607879638672
172.84027099609375
140.81201171875
108.67828369140625
131.73976135253906
137.48324584960938
102.35528564453125
109.20315551757812
87.14705657958984
89.37419128417969
1196.6314697265625
146.3782958984375
147.49497985839844
93.295166015625
131.72604370117188
904.928955078125
150.08761596679688
144.33355712890625
117.66244506835938
152.6482696533203
166.21865844726562
869.1226806640625
152.27517700195312
830.7696533203125
138.97946166992188
100.40122985839844
1164.3701171875
154.09881591796875
154.8885498046875
149.13845825195312
367.16571044921875
174.01068115234375
163.98695373535156
132.69610595703125
172.65447998046875
733.90673828125
176.6143798828125
167.79287719726562
137.53146362304688
453.6275634765625
372.91888427734375
131.81581115722656
474.7388916015625
149.61676025390625
826.3453369140625
145.04296875
161.34555053710938
186.5792236328125
251.1617431640625
157.51632690429688
154.44793701171875
167.69508361816406
141.9678192138672
376.09307861328125
197.496337890625
150.63677978515625
158.12451171875
275.25640869140625
153.1563720703125
158.82611083984375
128.88363647460938
115.06814575195312
170.7506103515625
170.74853515625
120.4278564453125
161.00692749023438
185.68052673339844
125.40445709228516
160.15704345703125
180.72705078125
191.01998901367188
185.85867309570312
155.4711456298828
129.73928833007812
130.14776611328125
143.4376983642578
113.90717315673828
151.99624633789062
188.5694580078125
157.3255615234375
136.24484252929688
162.96719360351562
118.78363037109375
190.73098754882812
148.0955810546875
155.2477264404297
129.8502655029297
165.10638427734375
141.51473999023438
156.57928466796875
150.49783325195312
147.85324096679688
161.43544006347656
117.40856170654297
117.55425262451172
194.63101196289062
124.49396514892578
129.4036865234375
154.0859832763672
132.34344482421875
187.77435302734375
130.18118286132812
150.47183227539062
135.75247192382812
181.24227905273438
130.814697265625
109.41780090332031
115.06761169433594
159.87570190429688
134.12442016601562
138.7034912109375
157.86129760742188
134.656005859375
168.62680053710938
185.2955322265625
145.99359130859375
168.36361694335938
170.84315490722656
230.7001495361328
187.6337432861328
169.54989624023438
98.58295440673828
152.54840087890625
173.66287231445312
123.41072845458984
127.60325622558594
142.9925994873047
128.33938598632812
176.40069580078125
144.43873596191406
138.4397735595703
127.69203186035156
149.134521484375
173.811767578125
135.66360473632812
161.25103759765625
132.9529571533203
131.65838623046875
104.45924377441406
179.16722106933594
120.09934997558594
150.7346954345703
150.8345947265625
136.31307983398438
145.58413696289062
161.29177856445312
233.89932250976562
230.45953369140625
180.778076171875
214.29298400878906
181.3895263671875
137.128173828125
158.00613403320312
139.14358520507812
171.99851989746094
142.63018798828125
162.08428955078125
156.68124389648438
168.68182373046875
126.61288452148438
194.5301513671875
137.4377899169922
141.7559814453125
157.25018310546875
162.26837158203125
176.91604614257812
170.14425659179688
212.370361328125
153.1214599609375
154.83200073242188
205.06773376464844
170.49427795410156
170.62466430664062
164.09669494628906
140.02255249023438
143.4560546875
121.13652038574219
166.09820556640625
151.67105102539062
171.81430053710938
145.01419067382812
156.52835083007812
177.83450317382812
164.7017822265625
149.0216522216797
134.71609497070312
157.36741638183594
156.28909301757812
185.12030029296875
175.42007446289062
185.02346801757812
147.75267028808594
146.88079833984375
168.31716918945312
176.86776733398438
173.21783447265625
177.5847625732422
172.46566772460938
169.97874450683594
178.86241149902344
170.314453125
157.89080810546875
177.74246215820312
169.37127685546875
165.5751953125
140.37466430664062
176.69436645507812
129.77783203125
181.9603271484375
158.86767578125
166.44326782226562
143.8439483642578
183.31365966796875
163.9950408935547
198.5904998779297
143.85720825195312
192.5331268310547
200.75262451171875
180.9281768798828
162.679931640625
160.494873046875
160.86863708496094
187.33193969726562
170.23785400390625
146.26458740234375
152.40284729003906
146.58029174804688
165.24386596679688
154.60723876953125
183.83628845214844
179.79705810546875
204.66775512695312
216.129638671875
167.96458435058594
144.06956481933594
185.58261108398438
155.2898406982422
157.47869873046875
141.75392150878906
166.59661865234375
161.92620849609375
208.4134063720703
169.93858337402344
231.4901885986328
159.56524658203125
147.4527587890625
133.63136291503906
143.02047729492188
181.37779235839844
168.22317504882812
176.75804138183594
165.73947143554688
151.31707763671875
177.52084350585938
147.01522827148438
180.31629943847656
150.4935302734375
181.40469360351562
155.81454467773438
169.4014892578125
145.9306640625
153.56883239746094
207.24508666992188
159.4049072265625
163.18814086914062
156.38156127929688
158.40821838378906
187.7649383544922
157.34756469726562
136.83572387695312
213.6903839111328
155.2389678955078
167.62548828125
203.65423583984375
161.66482543945312
153.4235076904297
171.9821319580078
154.88726806640625
140.63955688476562
258.5034484863281
171.7530059814453
168.14987182617188
200.38174438476562
162.70506286621094
138.29791259765625
147.94503784179688
178.31190490722656
162.6089630126953
180.74441528320312
171.06048583984375
188.59695434570312
178.85116577148438
177.40383911132812
163.28138732910156
158.8249053955078
209.14056396484375
179.4615936279297
165.293212890625
157.59999084472656
162.17759704589844
170.48873901367188
171.84844970703125
196.34970092773438
176.79696655273438
184.88604736328125
146.06167602539062
170.01893615722656
182.15835571289062
171.87130737304688
219.7481689453125
176.98800659179688
172.5295867919922
190.48382568359375
173.97821044921875
161.71994018554688
201.8496551513672
170.81509399414062
216.32568359375
151.77987670898438
187.99191284179688
189.90481567382812
160.87225341796875
214.2508087158203
195.52267456054688
199.26123046875
201.76104736328125
176.6165313720703
148.27215576171875
183.53562927246094
179.98321533203125
165.95352172851562
156.64944458007812
190.33465576171875
180.0601806640625
173.21844482421875
170.67764282226562
173.0970916748047
165.14828491210938
183.5848388671875
151.3188018798828
167.7225799560547
169.53878784179688
177.05213928222656
207.77610778808594
179.36521911621094
150.0566864013672
152.735107421875
200.50726318359375
164.4814453125
160.3799591064453
142.181640625
185.83221435546875
177.26803588867188
172.1573028564453
194.5193634033203
152.434326171875
174.36134338378906
175.4780731201172
178.43209838867188
171.06613159179688
164.26919555664062
142.66470336914062
179.0448455810547
159.08380126953125
170.2454833984375
187.38092041015625
159.6243438720703
150.66754150390625
211.085693359375
149.10940551757812
184.21849060058594
170.86952209472656
168.40257263183594
168.1817626953125
143.15660095214844
215.98898315429688
165.94332885742188
159.62460327148438
155.3983154296875
178.54714965820312
211.02279663085938
182.3304901123047
144.53941345214844
194.32757568359375
180.08973693847656
178.83436584472656
164.7445068359375
142.48316955566406
150.77874755859375
165.79507446289062
151.83282470703125
170.94517517089844
156.66233825683594
166.28018188476562
157.53155517578125
173.0367431640625
162.71902465820312
174.32363891601562
177.6318359375
159.9004364013672
167.98822021484375
148.05352783203125
163.21963500976562
185.38824462890625
210.710693359375
158.7936248779297
157.55831909179688
165.5355224609375
150.16351318359375
174.29962158203125
164.82180786132812
182.84970092773438
200.68475341796875
130.88475036621094
166.6558837890625
184.77590942382812
180.07546997070312
169.61019897460938
179.9927978515625
165.9445343017578
160.33409118652344
167.49734497070312
171.87652587890625
144.78225708007812
155.7218475341797
172.26760864257812
159.109619140625
167.3043975830078
147.6985321044922
142.40367126464844
180.68408203125
190.05679321289062
177.77481079101562
158.91065979003906
163.11721801757812
173.2987060546875
185.292236328125
160.95071411132812
150.71421813964844
173.95535278320312
156.19105529785156
151.45767211914062
156.53652954101562
174.9261016845703
180.2289276123047
193.58555603027344
176.33389282226562
169.9345703125
185.74148559570312
168.37890625
193.46908569335938
143.45660400390625
175.2210693359375
202.1969451904297
210.18167114257812
157.74591064453125
177.96217346191406
167.3442840576172
173.27349853515625
155.92601013183594
201.13253784179688
175.63671875
171.7263641357422
169.9509735107422
175.62051391601562
175.42543029785156
165.66970825195312
151.70608520507812
155.33795166015625
195.2357177734375
171.74551391601562
206.6910400390625
168.79010009765625
156.9149627685547
186.4153594970703
149.5441436767578
168.69058227539062
152.01730346679688
163.12945556640625
161.72299194335938
172.2045440673828
175.62347412109375
158.859375
157.80149841308594
144.76116943359375
183.49559020996094
204.1190185546875
169.86012268066406
185.6227264404297
173.6789093017578
187.819580078125
165.03720092773438
180.45603942871094
163.93096923828125
163.74380493164062
191.34483337402344
187.40231323242188
193.04354858398438
187.5127716064453
167.25704956054688
150.72250366210938
163.2406005859375
196.8662872314453
159.9116973876953
169.1645965576172
186.85887145996094
185.9511260986328
154.8652801513672
171.32940673828125
170.8324432373047
154.31826782226562
168.6102294921875
181.0657958984375
164.93499755859375
153.74679565429688
168.2491912841797
184.134033203125
154.07041931152344
170.90936279296875
177.25889587402344
154.22952270507812
147.9829864501953
157.64053344726562
149.23324584960938
200.8952178955078
156.1460723876953
203.12973022460938
176.64376831054688
145.156494140625
158.17822265625
179.66519165039062
142.35684204101562
146.72247314453125
194.5854034423828
189.95936584472656
140.59619140625
218.201171875
175.59310913085938
181.26101684570312
175.53872680664062
216.22988891601562
163.89247131347656
169.58203125
186.60662841796875
185.72000122070312
171.39181518554688
132.69334411621094
167.58741760253906
148.78221130371094
138.14035034179688
190.93470764160156
162.64222717285156
162.58145141601562
213.8146514892578
169.17465209960938
162.3961181640625
165.22801208496094
143.81195068359375
216.59756469726562
169.9161376953125
179.73046875
165.04254150390625
154.6419677734375
164.09934997558594
198.68865966796875
178.2176513671875
205.72869873046875
163.34532165527344
184.77191162109375
142.49630737304688
176.5323028564453
162.11053466796875
173.7513885498047
158.3001251220703
166.36419677734375
163.71905517578125
199.61895751953125
159.67431640625
203.42904663085938
173.65802001953125
190.1656036376953
216.6995391845703
202.7060546875
190.7412872314453
193.9442596435547
166.67018127441406
148.4527130126953
182.69961547851562
169.54568481445312
178.91494750976562
168.85211181640625
161.97332763671875
198.92178344726562
171.43515014648438
185.04454040527344
167.91519165039062
168.158203125
166.37826538085938
153.06735229492188
160.84457397460938
197.25772094726562
181.10743713378906
171.19085693359375
198.69207763671875
178.7376708984375
155.52757263183594
140.1269073486328
178.17056274414062
138.39532470703125
187.5040283203125
123.78031158447266
169.2371826171875
180.03192138671875
150.50555419921875
152.58248901367188
192.44747924804688
144.35340881347656
158.49269104003906
159.22508239746094
191.49893188476562
144.60150146484375
179.12664794921875
187.6527862548828
153.51856994628906
175.98101806640625
150.48568725585938
162.77723693847656
176.63958740234375
180.04946899414062
183.3271484375
148.3146209716797
186.1043701171875
162.7237548828125
166.95785522460938
213.27496337890625
191.1002655029297
191.33522033691406
151.408935546875
175.53713989257812
161.07884216308594
170.494140625
137.58843994140625
154.84860229492188
166.21726989746094
166.62033081054688
151.36004638671875
159.06719970703125
162.02169799804688
163.77105712890625
152.81968688964844
194.96893310546875
161.16937255859375
202.7932891845703
180.10853576660156
156.023193359375
181.221435546875
150.16561889648438
175.4667510986328
211.61337280273438
223.87457275390625
140.0111846923828
173.35047912597656
126.08511352539062
169.86862182617188
166.00534057617188
182.85635375976562
200.15101623535156
139.03109741210938
179.27870178222656
152.87062072753906
175.31101989746094
198.07308959960938
165.99632263183594
212.4376220703125
188.51382446289062
160.70635986328125
171.35183715820312
161.19277954101562
172.1389923095703
207.10467529296875
151.8380126953125
203.0889129638672
181.962646484375
161.45913696289062
146.6866912841797
176.35211181640625
165.36434936523438
188.60879516601562
131.94497680664062
201.92440795898438
183.35317993164062
125.65135192871094
182.82400512695312
176.59832763671875
191.96255493164062
171.71546936035156
166.336181640625
139.43919372558594
178.44253540039062
173.73590087890625
216.67852783203125
143.43707275390625
154.72332763671875
174.34243774414062
162.34112548828125
184.32937622070312
184.95416259765625
170.6645050048828
191.00918579101562
183.24647521972656
159.54925537109375
202.74876403808594
166.90237426757812
148.10458374023438
147.91387939453125
152.3817138671875
180.22048950195312
168.78274536132812
133.91392517089844
203.28109741210938
187.4810333251953
168.35235595703125
166.2372283935547
171.9463348388672
170.1769561767578
148.8673095703125
155.69830322265625
191.45904541015625
180.2862548828125
134.7894287109375
181.01480102539062
180.48487854003906
168.5188751220703
144.27027893066406
163.2431640625
122.25653076171875
173.5059814453125
171.8758544921875
152.93753051757812
160.66525268554688
147.86309814453125
154.42251586914062
153.62249755859375
171.56210327148438
181.52728271484375
144.08380126953125
163.7864227294922
175.7030487060547
175.88021850585938
147.12747192382812
134.9239959716797
140.74058532714844
170.25479125976562
185.75120544433594
174.40472412109375
174.86764526367188
126.33114624023438
188.33360290527344
187.74337768554688
165.47283935546875
203.8695068359375
181.8052215576172
189.42071533203125
169.49996948242188
136.06011962890625
181.58204650878906
160.17782592773438
130.4115447998047
157.38601684570312
163.1190185546875
169.31417846679688
157.61831665039062
156.8024444580078
171.39468383789062
147.01483154296875
152.30523681640625
217.33607482910156
166.78683471679688
164.8565673828125
177.72647094726562
172.6318359375
167.50689697265625
189.2423095703125
135.98858642578125
139.6754150390625
206.12576293945312
197.54019165039062
176.8544158935547
161.17269897460938
220.9630889892578
121.98421478271484
172.85247802734375
153.32086181640625
156.18948364257812
173.65670776367188
156.9678497314453
161.88157653808594
123.6561279296875
149.09947204589844
140.025390625
169.44699096679688
153.50177001953125
241.7192840576172
117.81112670898438
173.0890350341797
175.9571990966797
175.78463745117188
143.21881103515625
192.74557495117188
181.9028778076172
134.43185424804688
149.5789794921875
152.06793212890625
208.51657104492188
176.65463256835938
125.56034851074219
143.99853515625
178.6197967529297
167.79147338867188
136.8802032470703
164.19854736328125
150.73220825195312
163.81576538085938
165.98583984375
133.8245391845703
129.34359741210938
121.04004669189453
131.9068145751953
142.68553161621094
157.3511505126953
152.07769775390625
151.82443237304688
140.45266723632812
136.16725158691406
127.63278198242188
153.38803100585938
159.9813232421875
130.38807678222656
175.25509643554688
175.52816772460938
199.9762725830078
149.34591674804688
136.73248291015625
192.04727172851562
163.97178649902344
133.1275634765625
113.61306762695312
169.74459838867188
142.24229431152344
139.27252197265625
125.60883331298828
141.1708526611328
141.09970092773438
193.90090942382812
132.07069396972656
150.36875915527344
168.2565460205078
176.10308837890625
147.7676544189453
153.74624633789062
130.29159545898438
135.56292724609375
146.47035217285156
145.94215393066406
145.32620239257812
155.3641357421875
151.81033325195312
183.60684204101562
184.17974853515625
121.7271499633789
165.330322265625
144.77801513671875
146.20460510253906
125.02847290039062
163.85360717773438
129.7676544189453
148.10641479492188
150.80282592773438
164.11666870117188
135.49822998046875
173.00474548339844
161.41053771972656
124.20297241210938
131.4846954345703
139.0156707763672
147.54141235351562
122.89749145507812
162.61746215820312
132.05320739746094
130.18121337890625
116.39289093017578
122.6748046875
172.1048583984375
131.94757080078125
172.32342529296875
134.36776733398438
154.12506103515625
129.08169555664062
123.79905700683594
123.45286560058594
122.70559692382812
156.17022705078125
158.09506225585938
162.55068969726562
131.067626953125
135.7359619140625
145.1556854248047
162.46771240234375
128.97549438476562
141.06796264648438
151.59567260742188
169.0187530517578
193.38446044921875
118.73246765136719
144.45147705078125
163.90872192382812
134.6746826171875
159.23916625976562
147.11695861816406
136.97344970703125
143.75344848632812
136.86276245117188
158.3350830078125
154.5585174560547
146.21163940429688
124.49256896972656
140.9951171875
186.06643676757812
143.84512329101562
144.88258361816406
156.34652709960938
142.7101593017578
126.21360778808594
136.26205444335938
131.79986572265625
130.3525390625
127.79051971435547
147.54454040527344
137.4613037109375
141.6168212890625
214.6104736328125
137.09002685546875
133.9222412109375
136.45913696289062
134.66561889648438
130.17665100097656
153.14248657226562
147.02366638183594
149.124267578125
130.41561889648438
147.28305053710938
129.5790557861328
145.38388061523438
136.31195068359375
127.90721893310547
130.4939727783203
145.95333862304688
135.055419921875
135.61465454101562
118.01570892333984
151.63772583007812
138.7372283935547
153.34130859375
107.11737823486328
129.25155639648438
141.43109130859375
129.7142333984375
112.10317993164062
114.57546997070312
153.47360229492188
151.5184326171875
132.0487060546875
132.86856079101562
168.8490753173828
147.6964569091797
128.30038452148438
110.99380493164062
183.30877685546875
120.89324951171875
133.58914184570312
111.75494384765625
131.14901733398438
144.09423828125
124.94111633300781
126.51600646972656
132.91090393066406
150.51898193359375
122.24998474121094
111.46769714355469
161.40692138671875
148.51217651367188
137.65676879882812
125.34286499023438
111.62833404541016
128.08663940429688
123.76557159423828
118.56324005126953
132.99313354492188
114.77970123291016
138.7622833251953
150.21372985839844
139.98304748535156
117.40597534179688
165.20449829101562
129.9835205078125
137.767822265625
130.8642120361328
135.66006469726562
131.67893981933594
108.54582214355469
140.66891479492188
118.40569305419922
143.53524780273438
124.7311019897461
114.43862915039062
128.21286010742188
133.15176391601562
130.3177947998047
133.89633178710938
144.04537963867188
127.70970153808594
103.60748291015625
124.30452728271484
119.00663757324219
131.10595703125
128.63858032226562
128.89913940429688
139.84262084960938
128.458984375
121.81101989746094
115.1855697631836
180.68699645996094
126.61531066894531
103.35844421386719
136.5832061767578
151.8289794921875
132.64187622070312
127.1002197265625
135.10165405273438
118.0052490234375
115.84164428710938
139.11700439453125
99.94105529785156
137.1595001220703
139.72140502929688
124.05917358398438
84.20768737792969
127.5032958984375
128.49354553222656
127.02503967285156
110.48648071289062
148.51419067382812
116.14447784423828
131.34451293945312
120.96437072753906
114.66415405273438
119.15475463867188
150.83786010742188
195.178955078125
126.22806549072266
123.48731231689453
116.6796646118164
155.09750366210938
127.46952819824219
130.24362182617188
147.96812438964844
105.54296875
102.69457244873047
133.15113830566406
132.00259399414062
126.04336547851562
98.05404663085938
136.72915649414062
119.28535461425781
141.4217071533203
120.21768188476562
136.65325927734375
134.32565307617188
138.5888671875
132.05596923828125
115.75249481201172
146.29296875
126.64297485351562
132.03466796875
130.07797241210938
120.29183959960938
129.9102783203125
117.17720031738281
138.9064178466797
120.19613647460938
135.13775634765625
127.25900268554688
126.53053283691406
128.77162170410156
128.75733947753906
123.70193481445312
103.32041931152344
125.96441650390625
112.04727172851562
100.85186767578125
115.62139892578125
131.8000946044922
131.640380859375
134.01100158691406
115.01018524169922
114.09691619873047
109.79757690429688
140.93023681640625
118.90447998046875
91.90689849853516
131.334716796875
121.64762115478516
135.5762939453125
121.71238708496094
125.151123046875
111.70576477050781
130.9933319091797
128.51156616210938
106.01608276367188
122.70904541015625
110.16522979736328
113.43851470947266
126.06697845458984
131.26361083984375
119.59778594970703
118.97415161132812
124.01964569091797
143.75633239746094
131.6335906982422
109.85299682617188
111.28533935546875
125.9898452758789
112.84951782226562
141.47064208984375
110.55337524414062
124.87348175048828
114.98867797851562
110.9546127319336
115.7232894897461
126.79324340820312
95.28765869140625
109.11260986328125
107.04978942871094
106.97535705566406
112.44324493408203
128.60610961914062
108.2218017578125
118.19187927246094
107.48737335205078
128.9999237060547
132.47994995117188
117.34638977050781
100.74427795410156
104.28441619873047
94.77638244628906
138.99484252929688
112.63961791992188
103.40036010742188
104.09104919433594
119.87211608886719
115.77911376953125
119.60287475585938
116.58085632324219
108.76896667480469
110.66439056396484
99.38594818115234
112.05134582519531
108.10685729980469
98.86551666259766
119.99402618408203
123.81867980957031
131.2397003173828
113.67283630371094
111.02032470703125
131.8308868408203
134.3017578125
119.4147720336914
118.47019958496094
102.04530334472656
144.9432373046875
107.33209228515625
111.61898803710938
115.67189025878906
108.66728210449219
99.13233184814453
115.52680206298828
96.32380676269531
131.77444458007812
96.44450378417969
110.73628234863281
105.61012268066406
113.78888702392578
116.03255462646484
111.14532470703125
96.11039733886719
117.31953430175781
131.09014892578125
94.49662780761719
109.02301025390625
107.41180419921875
127.25753784179688
123.27569580078125
99.57256317138672
122.2618408203125
99.20144653320312
93.24913024902344
98.58746337890625
106.33070373535156
111.78092956542969
103.02291870117188
117.24935913085938
157.0968475341797
116.03507232666016
112.1300048828125
124.40829467773438
112.40072631835938
113.04222869873047
113.84236145019531
98.32795715332031
118.24920654296875
113.75825500488281
144.00848388671875
133.16098022460938
95.40982055664062
118.37382507324219
114.23478698730469
123.83365631103516
118.8501205444336
132.87130737304688
138.3406219482422
119.75984191894531
121.15161895751953
117.16304016113281
121.24737548828125
99.39445495605469
90.26748657226562
128.0139617919922
110.6085433959961
109.66937255859375
120.43719482421875
130.5368194580078
117.25959014892578
126.73252868652344
128.17633056640625
101.91452026367188
114.80094909667969
101.35159301757812
102.3138427734375
132.15029907226562
122.72955322265625
115.4181900024414
117.30136108398438
127.8318099975586
124.90339660644531
110.7219009399414
112.19282531738281
108.40635681152344
125.98432922363281
123.45977020263672
122.48117065429688
113.09308624267578
121.54048156738281
109.28041076660156
111.47453308105469
132.94357299804688
130.49891662597656
106.40809631347656
117.18164825439453
131.54855346679688
115.32884216308594
121.99150085449219
126.47241973876953
90.08897399902344
113.50509643554688
92.20672607421875
95.30525207519531
124.94485473632812
112.96426391601562
103.42343139648438
106.77867126464844
115.27153778076172
95.8299560546875
106.91862487792969
100.40538024902344
118.50628662109375
119.29988098144531
125.13995361328125
106.33236694335938
105.90347290039062
113.62895202636719
123.72332763671875
108.3533935546875
115.81366729736328
109.35134887695312
99.59725189208984
103.88426971435547
111.0720443725586
107.23281860351562
97.31727600097656
88.49136352539062
114.34723663330078
100.46371459960938
109.14373016357422
127.77853393554688
113.7324447631836
114.87408447265625
96.67376708984375
114.14997863769531
109.22785949707031
121.22494506835938
119.12713623046875
104.94922637939453
117.71878814697266
121.48029327392578
116.32977294921875
118.87283325195312
118.07764434814453
104.29386138916016
113.23738098144531
121.90000915527344
84.97708129882812
119.26182556152344
106.93980407714844
103.93695831298828
91.66212463378906
120.82032012939453
97.2877197265625
121.98121643066406
107.06968688964844
107.95171356201172
111.16386413574219
105.13156127929688
121.24049377441406
110.2961654663086
93.78265380859375
119.42913055419922
109.87381744384766
113.1558609008789
118.60111999511719
114.83680725097656
95.01112365722656
94.06564331054688
125.91506958007812
93.46443939208984
112.0172119140625
107.07424926757812
112.41351318359375
99.3582763671875
122.52928161621094
123.0303955078125
108.38831329345703
128.2188262939453
109.90086364746094
99.70603942871094
118.09817504882812
125.34515380859375
121.13829040527344
95.74032592773438
102.33775329589844
95.52955627441406
115.13374328613281
120.40998077392578
118.94566345214844
96.37863159179688
122.01438903808594
91.94017791748047
105.06024932861328
130.40054321289062
124.30085754394531
96.58576965332031
116.38050079345703
124.78645324707031
106.90364074707031
104.4761962890625
126.63001251220703
118.5601577758789
100.43893432617188
100.30343627929688
120.31417846679688
122.01054382324219
120.2012939453125
97.81880187988281
113.29617309570312
112.65231323242188
118.44389343261719
110.867431640625
132.5712432861328
117.27029418945312
108.44194030761719
97.89871215820312
102.0992431640625
124.34266662597656
123.47575378417969
108.12498474121094
125.39598846435547
124.77239990234375
106.07723999023438
103.18025207519531
122.54573059082031
91.11112976074219
117.793701171875
110.20368194580078
100.97798919677734
100.19944763183594
121.57130432128906
115.90544128417969
109.59637451171875
100.48240661621094
112.68843078613281
103.77201843261719
102.66999816894531
109.52796173095703
125.94110107421875
100.69171142578125
115.87629699707031
111.13734436035156
98.49153137207031
119.28829956054688
104.50212097167969
99.96774291992188
121.16574096679688
118.1129379272461
114.38380432128906
124.91716003417969
110.46581268310547
102.47323608398438
121.41179656982422
111.20799255371094
121.28043365478516
125.44056701660156
98.67198944091797
119.92437744140625
116.66452026367188
99.03912353515625
118.14173889160156
121.97421264648438
99.92143249511719
112.38180541992188
91.88955688476562
113.02886962890625
88.78125
108.6533203125
100.36866760253906
107.47504425048828
124.38886260986328
128.5542449951172
129.77764892578125
117.57247161865234
132.85040283203125
112.16079711914062
119.77120208740234
118.08844757080078
102.75154113769531
92.39482116699219
110.46985626220703
118.23963928222656
127.81060791015625
106.60147857666016
123.31417846679688
106.78121185302734
141.81500244140625
129.79922485351562
112.75959014892578
107.31575012207031
123.88352966308594
109.30584716796875
128.98007202148438
94.56237030029297
126.08755493164062
114.36477661132812
121.93083190917969
116.71917724609375
104.13983154296875
101.10208129882812
123.39100646972656
109.84054565429688
118.55768585205078
117.86848449707031
108.88642883300781
130.63864135742188
101.05207824707031
116.42720031738281
117.23062133789062
113.040283203125
128.05929565429688
97.10307312011719
97.21392059326172
117.21636962890625
102.92425537109375
128.27316284179688
128.9203643798828
103.79177856445312
105.64948272705078
122.98387145996094
104.37260437011719
122.55888366699219
117.16049194335938
108.79436492919922
140.412109375
93.94837188720703
112.28085327148438
100.65615844726562
109.8001937866211
100.21440887451172
95.77294921875
122.99354553222656
124.58443450927734
119.97569274902344
106.42408752441406
106.58528137207031
113.98915100097656
121.22384643554688
116.10580444335938
120.25993347167969
92.84872436523438
98.02902221679688
93.62950134277344
131.12899780273438
110.7315444946289
140.93099975585938
129.06785583496094
110.90666961669922
116.81181335449219
114.52413940429688
108.73956298828125
120.98016357421875
108.75245666503906
118.1913070678711
122.65078735351562
135.07662963867188
120.12046813964844
111.52848815917969
139.11940002441406
166.64422607421875
113.24235534667969
110.12571716308594
101.74702453613281
137.50885009765625
125.31487274169922
148.60411071777344
102.06184387207031
131.04888916015625
137.79214477539062
101.67434692382812
109.63391876220703
125.89949035644531
114.72030639648438
117.99610900878906
112.89927673339844
109.32757568359375
141.74334716796875
129.0720977783203
96.25930786132812
155.11669921875
122.19703674316406
109.9834976196289
134.4348907470703
115.63512420654297
110.29061126708984
119.93402099609375
111.26485443115234
129.251220703125
143.54800415039062
127.21334838867188
117.77804565429688
101.45696258544922
135.22467041015625
111.75827026367188
99.73158264160156
130.3724822998047
145.55368041992188
112.52919006347656
124.74124145507812
137.81552124023438
104.6117172241211
126.68955993652344
118.12190246582031
116.19552612304688
120.86941528320312
105.02207946777344
117.47625732421875
97.22441101074219
102.24005126953125
111.77911376953125
106.56782531738281
143.49488830566406
129.07778930664062
132.54446411132812
108.6791000366211
104.5901107788086
123.45671081542969
125.89581298828125
130.1294403076172
107.67984771728516
112.9061508178711
135.65878295898438
97.47779846191406
111.74281311035156
112.75232696533203
143.92105102539062
126.08885192871094
116.49649047851562
143.22384643554688
112.36163330078125
151.6297607421875
120.72386932373047
119.23826599121094
112.89018249511719
103.05654907226562
97.66383361816406
116.31840515136719
118.60850524902344
114.86021423339844
137.67295837402344
101.17314910888672
110.58893585205078
105.59176635742188
121.62442779541016
120.6143798828125
124.84349822998047
115.23373413085938
121.80345153808594
104.18633270263672
104.04646301269531
110.18833923339844
122.59939575195312
117.12519073486328
139.2829132080078
115.04893493652344
133.6481170654297
113.49195861816406
115.0770263671875
133.70989990234375
114.49628448486328
106.8609619140625
132.40313720703125
139.419189453125
140.02182006835938
134.06451416015625
115.93492126464844
141.9935302734375
97.4266586303711
126.3534927368164
122.58245849609375
126.46441650390625
122.6424560546875
122.04457092285156
108.57008361816406
126.95779418945312
120.66239929199219
128.028564453125
124.73672485351562
108.48245239257812
100.92694091796875
113.80606842041016
128.3965301513672
118.9974365234375
128.9351043701172
111.50953674316406
124.74748229980469
110.18580627441406
113.1201400756836
134.85606384277344
161.10401916503906
107.5029525756836
129.65252685546875
105.39774322509766
129.47085571289062
114.15542602539062
102.33799743652344
96.99607849121094
106.47489929199219
138.09335327148438
155.77371215820312
110.6785888671875
126.17444610595703
125.86407470703125
113.08601379394531
100.66324615478516
100.45919799804688
122.744140625
113.34939575195312
108.85530090332031
97.77432250976562
109.194091796875
109.45994567871094
108.82098388671875
105.93233489990234
96.5010757446289
123.52426147460938
126.50950622558594
109.17950439453125
91.29353332519531
106.05255889892578
107.97113800048828
103.65217590332031
114.8739013671875
109.50050354003906
103.87653350830078
94.07307434082031
102.09476470947266
126.552001953125
116.95948791503906
123.76105499267578
137.17674255371094
91.46858215332031
121.16859436035156
147.47305297851562
127.13971710205078
132.94717407226562
120.94204711914062
140.67019653320312
130.5518035888672
116.63026428222656
122.63653564453125
101.7005615234375
124.98393249511719
147.0570831298828
142.88925170898438
116.16691589355469
116.2724380493164
114.89881896972656
106.26493835449219
139.13156127929688
99.84366607666016
100.90411376953125
108.51576232910156
112.32901000976562
118.6473388671875
113.12178802490234
107.24022674560547
128.69471740722656
125.35163879394531
123.55714416503906
140.51943969726562
129.70742797851562
125.68621826171875
108.66743469238281
129.00413513183594
88.92314910888672
112.5120849609375
103.98070526123047
127.07542419433594
133.96104431152344
122.92279052734375
108.41488647460938
138.43997192382812
141.4713134765625
141.6932373046875
151.22787475585938
111.71340942382812
131.93572998046875
121.9397964477539
138.46023559570312
125.58665466308594
107.23932647705078
123.26873016357422
108.18305206298828
130.50070190429688
107.30348205566406
111.3444595336914
116.19389343261719
122.82528686523438
120.75758361816406
116.04928588867188
97.40401458740234
108.60281372070312
121.21272277832031
135.914794921875
117.14166259765625
137.01626586914062
125.95783996582031
117.82176208496094
124.89926147460938
113.71204376220703
116.91434478759766
126.51748657226562
105.01133728027344
100.42286682128906
107.11355590820312
118.7285385131836
100.9907455444336
133.3998565673828
115.08130645751953
112.09793090820312
146.87864685058594
110.18318176269531
107.48727416992188
117.58795928955078
128.45468139648438
116.30441284179688
136.36949157714844
115.82691955566406
120.61457824707031
114.17117309570312
100.79554748535156
109.91842651367188
99.89754486083984
121.3878402709961
119.89704895019531
108.38062286376953
129.92526245117188
141.77615356445312
130.0228271484375
108.4040298461914
129.89205932617188
137.0489044189453
109.8327865600586
113.80581665039062
118.07945251464844
118.72184753417969
121.86679077148438
110.87620544433594
128.68460083007812
108.23670196533203
131.28353881835938
143.09652709960938
148.91729736328125
131.6804962158203
145.94140625
124.20816802978516
132.13491821289062
136.18511962890625
114.8836669921875
121.85694885253906
102.14639282226562
122.76446533203125
125.55603790283203
120.28897094726562
105.69078063964844
108.08141326904297
114.95956420898438
108.11318969726562
117.86863708496094
136.45437622070312
106.23346710205078
130.98324584960938
127.13713836669922
130.06224060058594
106.7359848022461
120.23680877685547
125.22107696533203
119.85498046875
114.36469268798828
120.51238250732422
125.98886108398438
147.20314025878906
153.84463500976562
120.14835357666016
138.47525024414062
125.31869506835938
136.93118286132812
123.71633911132812
104.13755798339844
138.4467010498047
125.53016662597656
133.91622924804688
88.34744262695312
136.5297088623047
133.53305053710938
148.41372680664062
134.28990173339844
124.7363052368164
119.9949722290039
147.80470275878906
116.26881408691406
119.24285888671875
149.97918701171875
117.63334655761719
106.4495849609375
120.28229522705078
115.71148681640625
119.92655181884766
128.8096923828125
118.78974914550781
127.87202453613281
121.06851196289062
108.07154846191406
114.26641845703125
134.40687561035156
102.66299438476562
109.75434875488281
141.50941467285156
91.42852783203125
117.86083221435547
125.07708740234375
114.11447143554688
129.8495330810547
112.02969360351562
136.74224853515625
147.62168884277344
112.32290649414062
104.96480560302734
167.05007934570312
126.98478698730469
106.74639892578125
117.1068344116211
106.82099151611328
172.61920166015625
147.02578735351562
132.04098510742188
113.15974426269531
139.03060913085938
130.58445739746094
124.96733856201172
130.19467163085938
122.894287109375
133.86776733398438
133.95388793945312
120.61091613769531
139.75048828125
103.56317901611328
117.7178726196289
149.13821411132812
121.3218002319336
131.06785583496094
137.82965087890625
123.52249145507812
141.748046875
147.47088623046875
127.39030456542969
140.48797607421875
107.03099822998047
124.06989288330078
92.69807434082031
117.60823059082031
137.92279052734375
126.40615844726562
157.410400390625
128.12709045410156
118.69451141357422
108.22802734375
159.22467041015625
132.6866455078125
113.24846649169922
148.63931274414062
121.31095886230469
129.3142547607422
138.96939086914062
138.2472381591797
107.63272094726562
139.6781768798828
112.32455444335938
109.67147827148438
139.52230834960938
137.90203857421875
146.5545196533203
106.22145080566406
135.9868927001953
157.79356384277344
123.14482879638672
146.61013793945312
174.18807983398438
131.84942626953125
145.63021850585938
135.31265258789062
128.10516357421875
144.89404296875
135.68824768066406
140.44737243652344
130.70541381835938
166.4162139892578
142.87326049804688
137.9344482421875
145.02719116210938
130.81951904296875
110.09123229980469
140.51698303222656
113.24250793457031
135.44332885742188
156.562744140625
135.99130249023438
129.150634765625
104.42613983154297
114.14346313476562
138.6945343017578
123.92242431640625
137.36148071289062
117.15083312988281
134.1695098876953
128.27005004882812
116.17835998535156
117.0464859008789
118.44871520996094
154.910888671875
111.48052978515625
122.90113067626953
191.42166137695312
145.00697326660156
122.17572784423828
143.1263427734375
114.85188293457031
99.15164184570312
154.01824951171875
107.1121597290039
143.6632080078125
115.5130386352539
138.40316772460938
120.42755126953125
137.85195922851562
120.42341613769531
127.26959228515625
162.0917510986328
109.0992431640625
144.70736694335938
162.88389587402344
142.16226196289062
127.90631866455078
113.53684997558594
123.25323486328125
130.71470642089844
126.61783599853516
105.56275939941406
107.7318115234375
135.75790405273438
131.89466857910156
116.47412109375
89.11421203613281
128.97097778320312
144.87136840820312
131.42935180664062
112.09443664550781
134.55877685546875
102.95658111572266
149.32247924804688
92.14488220214844
128.49612426757812
121.29962158203125
92.22136688232422
100.80085754394531
134.34478759765625
130.06214904785156
84.72694396972656
141.58587646484375
124.46337890625
94.14753723144531
142.09243774414062
127.90054321289062
103.05078887939453
149.09188842773438
114.66441345214844
118.2630386352539
126.19682312011719
115.5101318359375
135.286376953125
120.99077606201172
130.28622436523438
141.44088745117188
114.47113800048828
114.05012512207031
103.0505599975586
137.37026977539062
86.48355865478516
141.44679260253906
144.074462890625
105.46504211425781
112.89053344726562
133.23562622070312
137.19027709960938
146.36102294921875
131.0587158203125
113.92807006835938
100.2327651977539
118.74720001220703
146.48782348632812
110.2628173828125
104.2011489868164
112.6150894165039
102.80353546142578
154.8690948486328
114.88322448730469
201.01132202148438
181.39498901367188
154.93609619140625
140.7496337890625
115.87370300292969
123.72952270507812
108.98796081542969
130.23757934570312
117.89852142333984
144.1054229736328
110.78955841064453
138.16014099121094
114.59797668457031
130.46189880371094
99.18305206298828
138.14633178710938
114.37970733642578
128.5765380859375
132.60675048828125
105.00003814697266
126.95442199707031
120.76470184326172
201.12887573242188
152.8781280517578
103.70515441894531
147.2567596435547
120.56835174560547
122.42277526855469
133.45965576171875
154.4729461669922
114.17547607421875
108.46397399902344
118.9612045288086
112.49307250976562
95.83609771728516
111.78993225097656
117.86993408203125
105.79212951660156
132.51211547851562
131.3843994140625
105.87345886230469
110.05366516113281
130.72068786621094
136.3982391357422
125.55735778808594
118.18831634521484
124.19355773925781
130.4903564453125
112.22480773925781
114.69252014160156
144.75308227539062
128.95217895507812
127.52477264404297
158.9721221923828
94.39102172851562
105.67013549804688
119.44588470458984
117.07662963867188
106.27009582519531
93.75267028808594
122.80098724365234
94.13796997070312
118.89674377441406
114.02613830566406
103.15170288085938
135.53652954101562
116.80810546875
109.72299194335938
151.1126251220703
111.97463989257812
117.0753402709961
124.96896362304688
138.81854248046875
142.34298706054688
153.30072021484375
118.90135192871094
148.0823516845703
138.52047729492188
115.40185546875
88.67991638183594
115.52565002441406
157.53515625
153.72885131835938
113.87338256835938
130.6959991455078
140.00741577148438
177.47210693359375
111.43962860107422
115.32920837402344
152.3880157470703
112.03111267089844
107.24931335449219
140.9415740966797
128.79844665527344
105.23431396484375
116.85889434814453
99.54828643798828
96.63493347167969
132.24566650390625
147.2330322265625
151.76991271972656
103.09013366699219
112.15739440917969
109.62545776367188
138.25094604492188
126.66899108886719
131.078125
106.70976257324219
123.77098846435547
125.07749938964844
107.28091430664062
137.6529541015625
143.5948486328125
134.1627197265625
119.20161437988281
107.08582305908203
114.27992248535156
127.63780975341797
113.65695190429688
98.44650268554688
98.35296630859375
105.21015930175781
78.82659149169922
126.15583038330078
109.05422973632812
127.57657623291016
146.72015380859375
141.65423583984375
102.26595306396484
121.45304870605469
147.18052673339844
119.07548522949219
104.47025299072266
110.44583129882812
148.09378051757812
111.04527282714844
137.5320281982422
99.24620819091797
164.90963745117188
164.21958923339844
99.1402359008789
104.39083099365234
128.83274841308594
112.25910186767578
116.50065612792969
150.9727783203125
120.14508056640625
136.50985717773438
137.89987182617188
128.97512817382812
91.91075134277344
99.86369323730469
101.55612182617188
105.90254211425781
126.96391296386719
103.39453125
121.5798568725586
107.71333312988281
128.30792236328125
126.58647155761719
119.24839782714844
125.25148010253906
121.58929443359375
136.94285583496094
119.17021179199219
114.54788970947266
101.54457092285156
116.99180603027344
125.91938018798828
135.15484619140625
99.45158386230469
127.36461639404297
130.51910400390625
115.97877502441406
123.91160583496094
148.28407287597656
154.008056640625
105.6102294921875
113.50003051757812
109.37774658203125
144.18902587890625
116.16690063476562
139.0826416015625
139.93911743164062
120.51643371582031
154.87799072265625
186.0572967529297
111.13236236572266
121.02336120605469
129.35848999023438
148.96157836914062
110.47329711914062
152.11886596679688
121.25115966796875
124.19522094726562
122.37254333496094
134.23013305664062
164.5113525390625
110.08587646484375
112.64094543457031
138.62448120117188
116.24806213378906
141.0596466064453
151.47769165039062
110.50347900390625
127.51392364501953
106.43375396728516
160.9068603515625
117.25173950195312
95.33301544189453
157.92112731933594
121.81338500976562
120.9747314453125
100.72510528564453
139.58230590820312
139.34808349609375
112.52934265136719
108.73707580566406
109.59380340576172
110.59288024902344
93.61094665527344
198.12240600585938
135.59347534179688
118.600341796875
135.52383422851562
153.17376708984375
139.58680725097656
155.5782470703125
108.5179214477539
116.90522766113281
126.23015594482422
124.48677062988281
144.16990661621094
212.08114624023438
149.75009155273438
142.1124725341797
116.76020812988281
103.132080078125
106.73175811767578
139.42555236816406
138.68771362304688
100.7275390625
121.27932739257812
134.041259765625
129.12648010253906
117.08236694335938
126.81828308105469
142.439208984375
177.16119384765625
131.80154418945312
108.06153869628906
111.65298461914062
113.0435791015625
133.57449340820312
132.31265258789062
95.021484375
120.22024536132812
126.07492065429688
109.69415283203125
118.83407592773438
136.04061889648438
126.84133911132812
125.8536605834961
124.11640167236328
91.51982116699219
111.78864288330078
173.60610961914062
103.27680969238281
143.86141967773438
120.04248046875
99.47396850585938
112.80962371826172
92.84672546386719
114.30601501464844
93.9639892578125
131.44981384277344
102.89704895019531
136.678466796875
140.71539306640625
133.2432403564453
121.37505340576172
151.06268310546875
118.69158935546875
130.23818969726562
184.1119842529297
96.67838287353516
99.5191650390625
151.89308166503906
98.26963806152344
132.09046936035156
165.75753784179688
149.9207763671875
111.73567199707031
136.91818237304688
141.74143981933594
104.41233825683594
97.60549926757812
123.0400390625
135.16152954101562
119.62599182128906
141.1025390625
196.95672607421875
102.17057800292969
124.57144165039062
121.47322082519531
117.85408782958984
117.08567810058594
112.16027069091797
178.86953735351562
134.8779296875
149.4541473388672
114.87076568603516
140.22361755371094
165.31051635742188
106.08377075195312
144.61526489257812
162.92138671875
117.22545623779297
114.62483215332031
144.49781799316406
143.4607391357422
113.6534194946289
107.9642562866211
141.798095703125
133.2531280517578
158.75357055664062
97.38860321044922
113.87339782714844
107.50157928466797
112.14747619628906
110.8387451171875
155.51832580566406
117.21603393554688
118.57579803466797
108.33419799804688
125.79165649414062
104.56550598144531
113.71975708007812
113.1063461303711
134.33486938476562
117.70944213867188
165.1519775390625
162.41152954101562
129.0298614501953
108.28834533691406
103.83563232421875
109.34150695800781
138.0994110107422
121.09423828125
134.0138702392578
