0
0
31706
33611
31937
31559
33095
30970
30319
35766
36794
32938
32122
34032
34466
33965
36170
34441
37678
34793
35772
32766
34279
35039
33872
34760
36748
36805
34502
36100
36281
38539
34944
37708
34987
35814
35501
35259
37050
39004
35148
37614
36784
34165
37850
37868
36517
37708
37736
36754
37246
37847
36357
34800
35257
34555
34127
36099
37496
39898
37279
35236
39160
39637
36038
37616
36206
39366
39084
37998
37113
38020
39733
39986
37948
40026
37367
36813
40223
44661
40889
41478
42667
39202
36448
38982
36658
37044
36725
36556
34594
41536
35908
36812
38036
36822
36474
38755
36498
35556
33962
35950
36011
36925
39023
35652
36180
37114
38247
35578
35153
36566
38827
39462
35584
37511
36849
38256
36219
34731
34938
37986
38571
42912
47178
44082
37264
37093
36049
42098
46768
46935
46971
42613
38992
35978
42070
43985
36624
37742
41447
46775
38102
41524
45212
36932
37178
36121
35394
35779
36282
35068
37781
37457
36153
38818
39303
35956
38899
38074
37340
37764
37259
37866
39685
40997
43775
38697
35903
38321
40470
47816
37718
35263
37740
37226
40055
47713
35707
37247
36089
39486
37558
35315
36843
38856
41481
46390
38570
41286
45362
45852
37997
37075
41335
45046
36917
41222
41666
46824
35978
41880
48377
39328
38140
38488
38732
38253
41761
46650
38785
36625
39984
37242
39477
38554
40567
39094
36812
36687
37755
36830
41349
46932
41040
45958
47543
37882
39553
39632
37730
38381
37437
38483
42415
45376
39606
41813
41386
46847
38654
39444
41249
47959
41607
44850
47511
37803
40277
37664
36636
39999
36515
37286
35824
39549
36527
37615
37782
36138
36439
38298
41206
47761
36221
40802
40503
45870
47263
41348
47023
40780
46312
36672
38323
41202
45221
38677
39409
42452
46581
41704
46994
40318
36481
40831
35423
38456
41345
46680
35905
38131
36554
38498
42000
46770
46884
37769
38332
38362
36391
38573
38105
38218
37022
42014
46808
46835
48353
39386
38341
39073
41043
46759
41286
46442
39185
38314
34712
42280
46074
47220
42201
46188
47696
37417
39054
38057
42385
45917
39525
38082
38852
39366
37254
39445
39683
36689
37572
40594
46637
40826
48588
38455
41302
45623
37536
41533
45660
38144
42045
47361
47301
47209
38392
39246
37718
39216
36073
39105
38854
37733
41569
47562
37457
41922
46614
37588
41728
46907
36721
40153
37627
36823
40903
46882
38802
37303
40490
40460
39523
40101
39869
37541
39363
41138
47085
39840
39897
40238
47731
40587
38985
37570
40641
46263
41910
46150
38135
38307
40645
35649
40126
36799
36118
41387
46468
36328
41211
47387
41557
47745
41665
47492
40882
44882
46482
40789
45915
40735
41214
47275
40835
46791
37501
36589
38574
41347
46472
47284
36534
40222
37970
38193
41273
45391
37141
38500
34385
41097
45236
46791
36412
41189
47928
40608
46509
36892
38070
39991
45141
46870
40109
45769
35621
36896
37952
35012
37270
37500
37363
42446
46295
38022
38658
37854
38708
38650
41214
46385
42285
46060
37687
42030
47805
47504
39796
37670
38188
37763
37455
37343
41298
45740
41716
46887
41594
46499
37855
41739
45233
45307
45126
47206
38312
37450
36780
38052
38860
41324
47663
39144
42151
44923
38994
41282
47785
36713
36344
36308
36780
35813
34339
38094
40986
45061
45190
46901
38850
41166
45867
45768
44429
36859
37626
39166
42103
46045
38412
42293
47829
36536
42062
45205
41623
47079
46004
46178
41631
46813
38151
38287
42089
44021
41915
48269
47618
45741
38431
38473
39396
41798
46925
39449
41432
46813
41274
44345
38633
39012
41551
45345
39808
42197
46107
42209
46712
41756
47668
47140
38862
38038
39135
37502
37774
41928
47467
47102
47274
40147
37368
37313
38549
41121
46498
46488
40251
46096
41249
47405
47353
48129
41985
45230
38533
38469
34460
41497
46534
41340
45779
41756
45122
41122
45585
41673
45454
38671
41419
46281
36161
37946
41534
45126
40747
44336
44237
44291
37065
35673
38285
39917
44117
40875
44773
43156
37085
34944
36275
37028
42063
44718
41730
46506
37406
37460
40858
46677
47042
42660
41980
44307
41322
46517
46219
45987
45754
45455
35213
41027
46378
46398
47704
39696
45200
41785
46865
41353
45853
40990
46150
46154
47502
41389
45804
42758
37945
36310
37025
38400
42023
45162
37852
41446
46349
41054
44938
45214
47019
36476
41138
45654
41865
43642
39828
41783
45258
41957
47136
37167
42963
48090
44421
37303
36156
42779
48486
48476
46273
42750
45416
38572
42775
46760
42599
45666
42665
47310
44613
35295
38780
37880
39638
42059
45671
41119
45879
47013
41293
45963
39308
40400
44861
40460
45435
41173
46323
47058
37442
42272
46772
42022
45253
36822
40690
47335
38643
38887
38441
41862
41597
40915
42084
46128
42259
46665
46406
46957
47088
47346
47520
43390
38235
38120
43618
47209
47029
47478
47434
44850
42157
46896
45699
38802
42378
47260
45970
42124
46957
44311
42090
45635
40828
41620
46824
37170
34683
35855
40539
42591
47644
47663
47598
46169
40525
45709
38695
36992
42368
42780
38942
39163
38975
39266
42813
45885
43405
48056
47441
43720
35464
42513
47106
46875
41528
41807
47065
47139
46851
43697
42398
47436
46167
47349
47326
47028
47126
44170
35264
41676
43972
37338
42016
46327
46245
45725
43807
38923
40839
45975
41542
41589
46779
46806
45538
42365
47038
44540
39335
42612
45070
42679
47139
47263
37848
43026
47384
47374
47930
42967
43358
48305
46903
42810
42055
44527
42108
47831
41355
45157
43778
36769
41666
45900
46014
47254
44205
42440
45333
42615
43727
37344
37121
38933
38226
42871
47221
33997
43525
45899
35506
38897
42054
43443
35051
42121
45663
39316
41361
46844
43902
42886
46791
46946
46649
43510
35571
42237
45851
42350
46490
44484
36304
42691
43477
36938
42489
47120
47186
46751
46893
46853
47570
44140
34775
43208
48069
46981
42289
45942
35523
37568
37789
41442
42505
41281
45463
46213
40581
44823
44144
40941
45513
45320
41823
44479
41980
45736
42000
46491
46404
36886
42214
47897
45713
42606
46989
46931
42292
47681
46089
42981
47479
47099
48059
48210
48233
48249
48197
48255
48339
44348
43089
46994
46955
46565
46744
46940
47051
47773
45390
38585
41907
46856
46686
43591
41740
46815
46842
43840
33547
35850
35572
41360
46243
43780
40453
45650
45655
40604
41968
47980
42903
43134
45396
42769
45211
42325
45075
41442
46798
47333
46010
41603
44425
38452
43357
47733
48118
48146
44810
40583
42858
40051
45856
43643
34410
40655
43926
41101
46499
45093
41954
46844
41566
44710
41731
47012
47044
46969
46805
45794
45587
45585
45684
45882
44867
40676
44698
35763
40927
44946
44925
45137
46265
40778
45251
45160
44992
46239
46348
45672
41243
43111
36277
41611
46737
45988
45902
40958
48034
47796
48056
48103
47974
48033
48390
48342
48226
44731
42534
48193
44484
42110
48226
48382
42634
37481
42405
47531
47978
46670
38751
42438
48441
46344
43913
47872
47836
46280
41166
47680
47820
47323
47432
44616
39767
44021
43713
45830
39023
44470
46331
41972
47227
47226
44156
42254
46978
47012
41948
46868
46915
47372
47661
47362
43809
42646
47905
47922
46400
37526
42603
42853
42012
47490
44704
36140
42749
45271
43348
48646
48957
48880
49012
49098
48905
49225
49146
41957
44103
48990
48822
49016
44950
43849
48375
44213
36530
43231
46752
43605
48283
46280
42755
47773
45808
42606
44846
43522
47699
47638
47563
44987
41737
46617
44689
41566
47730
46758
46850
46282
42917
40223
46098
45671
46094
45479
45818
46382
45580
47371
40947
46584
46258
41976
46187
38907
42359
47867
48077
48089
48160
48235
46016
46581
47872
46644
42460
47237
45362
41324
47343
47223
47166
47246
45709
45314
44638
44828
44769
44848
46303
37944
42175
45881
38988
41398
46649
46429
46884
46964
46784
45459
41958
46990
44254
41285
47415
47576
47491
47330
47492
47806
47862
47453
47262
44261
42307
44769
37374
42101
46856
46989
47288
47305
47171
46797
47345
43270
42649
47890
47985
47769
48030
46185
37188
43969
49030
47975
44468
43199
42114
40238
43571
40569
46243
46534
47551
47604
43510
42275
47981
47953
46783
46865
44063
42040
47688
47711
47769
44442
38091
41960
45157
42535
47265
46743
46894
47186
46197
46807
46652
46875
46394
46496
46475
46600
43133
41100
46281
46141
46120
46545
46223
46293
42491
42431
44975
42663
44840
42833
43957
39065
42324
46848
46915
47060
46781
46308
46210
46296
45995
46001
44709
46529
45884
45319
45435
45535
45664
40878
46718
46098
46887
47328
47299
47231
47318
47615
47727
41160
37957
42592
48267
48403
45375
36258
42302
48188
48547
48506
48546
48632
48615
48563
48261
45073
43161
47848
47830
47929
48078
47854
47781
47773
48197
43568
43210
48255
45763
37894
43809
48907
48469
48594
45660
43309
44542
43336
47950
47809
47994
48388
49071
47453
47140
42078
40454
46200
46245
43160
40158
46094
46589
46632
46569
44642
41335
47812
45599
45642
44456
44434
42908
41394
46902
43575
42992
46976
47058
47218
43228
40685
39033
40167
45435
41226
42285
42861
42955
43749
43289
43920
42848
47398
46202
46279
45643
41723
45971
43682
40739
46036
43186
41470
46939
47023
46263
41057
42570
46770
46305
46237
45902
46242
44335
41329
46176
41504
47388
47571
47600
47790
47844
48044
46807
46687
46661
46535
46519
46308
46901
46521
46463
45625
46281
46330
48002
48943
49030
48543
48248
47713
47711
47081
46983
46742
47058
47039
47099
46323
47840
47297
47395
47735
47125
47611
47694
48056
47941
47484
48058
47946
47841
47608
47817
47278
47300
47107
47974
48479
48282
48179
48544
48404
48458
48362
47949
47453
47651
43566
43281
48245
48109
46865
47061
47409
45902
47037
47161
47321
47749
47585
47544
47556
47150
47136
46761
46628
47400
47518
47570
47449
42039
43886
47847
47921
47970
48135
48094
47628
44074
43020
47596
47994
48544
48483
47663
47780
41777
42929
47621
41781
41651
43700
46348
46224
45416
45556
43607
41991
46800
47549
47559
47536
47428
47398
47601
47696
46521
47245
45918
46823
45046
45029
44861
45110
45490
45207
45053
44642
45164
45349
45333
47609
42728
42599
47533
46220
44279
42889
47441
47943
47602
47652
47721
47480
47670
48107
42749
42815
47740
47963
46729
46618
46933
47741
47402
47029
47175
47842
47515
47708
47852
46043
45873
45286
46017
46298
46007
46063
47970
47896
47902
46416
46973
47142
47099
46615
42343
42315
43186
40460
43686
44170
44562
44295
42390
42903
45587
45879
46538
46861
46523
47090
46580
45960
45936
45385
45291
45372
46493
46750
46305
46098
46028
46028
43462
43442
43483
43363
44820
45297
45259
44861
47005
47168
47040
47410
47392
46956
46468
46836
46810
47519
45578
45513
46887
48655
44891
36334
34373
43708
47282
46619
46915
46633
46659
44620
43951
48411
47978
47664
45874
45056
44751
44797
45653
45084
45355
45084
45074
45332
45312
45768
45233
45273
40315
42372
47437
44587
42740
49117
49035
48051
46712
41636
43393
46625
47209
44883
44697
45200
45242
45282
43819
45609
44636
45362
45517
45634
46039
46849
46609
46949
47104
47277
47030
46917
46308
46771
46724
45461
45754
44957
44136
43986
42791
42742
44170
43640
43257
42377
35881
36458
39776
40053
42611
42973
42963
43023
43483
46772
43139
42484
47035
46931
46813
46856
43570
41362
46275
46009
46084
46509
46408
45196
45408
44994
44887
46153
46130
46524
46400
46286
40483
42990
46494
46535
46279
46723
46894
46888
47252
47758
47893
48776
48804
48654
48747
48619
48021
45495
43677
44020
43992
41501
39468
45540
45823
41654
41396
46556
46582
46512
45537
45542
44363
42726
35641
41240
44521
41167
44956
46270
45849
45911
46452
46529
46567
46697
47361
47520
47579
47665
46288
40902
40953
44630
45189
44373
44956
43699
44653
46010
45684
46427
43774
41842
47670
47767
46207
46492
42684
35669
42086
45235
45212
45509
47074
46959
47276
41663
32256
43174
46357
46441
45337
42200
44587
42317
46143
46190
46425
46715
47672
47638
47682
47388
47330
43565
41655
46919
44212
43003
48042
47923
45968
46808
46826
46745
46203
45507
45584
45811
46905
46682
46756
47191
47343
41700
42969
46981
43160
42901
47267
46855
47063
46848
46899
47101
45471
45147
45967
37584
41834
45401
45551
45471
45164
45226
45637
46620
46613
46840
47018
46754
45748
46679
43644
43825
45162
45677
46466
46915
47737
47891
44256
36390
44097
48361
43124
44123
47942
48026
48521
48390
47115
47092
47170
47522
47560
48060
47812
47656
47805
47403
46752
47052
48077
48147
47813
47710
47280
47191
46856
46985
47674
47345
47422
47354
47398
41812
36177
42049
48137
48063
44010
43196
48668
43936
44521
49088
48436
48463
46817
42657
43131
45619
41447
46079
46072
46914
47010
47580
47758
47739
43847
42759
47293
46581
45807
45603
46502
46749
47721
47630
45584
44142
45824
46240
46205
44651
46785
47258
47405
47495
47156
47153
48262
48313
48211
48180
48179
44997
43250
48236
48350
48420
48084
48341
48087
48061
48273
48229
48136
48055
47694
47923
47670
47769
47392
47365
47310
47089
47681
48007
43338
43137
48117
48046
48181
48473
48436
48777
49063
48693
44001
43672
48316
42221
38792
39420
42987
43659
41286
44835
42144
46883
46903
47004
46921
47226
42228
41943
46600
42985
42082
46383
45308
42656
44144
42386
47024
42947
42377
47405
47492
47436
47045
47151
47387
47668
47841
47977
48682
48669
47958
47579
46616
46647
42834
43452
47065
47224
47470
47930
48307
47937
47704
44688
42505
47515
46803
46083
43619
42070
46887
46980
46970
47453
44600
42633
47598
47876
44259
42825
46158
42639
48236
48118
48190
46986
46344
46249
45880
45674
45548
44875
44812
45341
40348
44536
41608
44396
38011
42101
47040
47921
47976
47991
47982
48209
48166
48132
47833
48107
47666
47892
48102
48089
48084
48270
44299
43462
47729
45334
43204
43962
43631
44302
43526
47166
43557
42760
47103
43476
40163
43504
47642
47489
47496
47732
47788
47632
47187
47225
47094
47126
46400
47484
47325
47690
48080
48058
48116
47946
46844
46972
47233
47186
47532
47853
48165
47402
47115
47023
44049
42427
47758
47924
47677
47923
47876
44168
38973
42158
46808
46654
43872
39501
41865
46844
47221
45953
43120
48218
48121
48351
47596
48009
47615
47607
47491
46966
47094
43549
42195
45910
47286
47764
47709
46932
47219
47167
46756
47634
47191
47038
47222
44682
41474
46813
46920
47138
46530
46737
46983
43278
42618
45429
42871
47978
47661
47469
43630
42311
48080
47503
47444
47449
47220
47087
47284
48132
48211
48379
48451
46982
46488
46792
47294
47406
44206
41721
46418
46814
46946
47314
47254
47432
47777
44799
43925
47989
47495
46943
46878
46643
46474
46415
46347
46400
46620
46579
46495
47018
46920
47492
47619
47547
44677
38566
42633
47595
47428
47879
47821
47427
47411
47415
47243
47257
47635
47535
47590
47556
47601
48192
48285
48169
48366
48307
48270
48385
47675
47151
45870
45577
45476
45657
45719
45782
46427
42989
42361
46973
46383
46410
46543
46963
47454
47524
46898
47195
47577
48331
48317
47321
47144
43510
41562
46093
46960
46633
45242
45419
45533
45558
45867
46527
46502
46673
46300
46407
45761
45475
41039
43547
46880
46893
46969
46346
46181
46259
47034
46423
46627
46525
46600
44236
42924
47331
47067
47374
47182
47147
46979
46746
47734
47696
47747
46895
47139
47263
47428
47471
48341
49149
48270
44159
43438
46690
43812
43605
43931
48258
46945
43199
48205
47291
47551
47634
44576
42269
47720
47199
47342
47798
47627
47567
47061
46878
47722
47907
48312
48964
48392
47742
47938
43932
42667
47647
43473
42943
47242
47162
47337
47470
47191
47210
47632
47595
47571
47359
47486
47231
47226
48118
45321
43786
48650
48688
47688
47603
47355
47066
46841
47932
48056
44778
40760
46782
47589
47703
47256
45868
45527
46086
46384
46324
46640
44519
41960
47072
47333
47221
46732
46693
46637
46361
46736
47874
47617
47369
46225
43759
48449
48082
45580
43323
47480
47431
47338
47306
48364
48059
48350
48361
48491
48251
48499
47755
46119
45783
45864
43847
47477
44673
44784
46676
47184
47835
47264
47071
47250
47605
48450
48569
48486
45416
43923
45601
43287
48503
41740
43819
48500
49023
47925
47883
47841
47615
47463
47711
43943
43218
48160
47637
47562
45471
45624
46524
46926
47086
46636
47296
44672
37320
42251
46683
47136
47175
47409
47497
47934
48302
48015
48054
47586
47510
47627
47543
47812
47848
47832
47712
46841
47410
44007
41846
47922
47351
47073
46961
45066
42342
46958
42144
47076
47118
44908
41417
46828
46882
48085
47821
47959
47883
47996
45268
39187
43382
48427
48441
48030
47992
47704
48010
47995
48183
48211
48148
48166
48218
48415
47636
42494
46945
47472
48046
48749
48186
48118
48274
48177
48035
47860
47292
46308
46320
47232
47202
47266
47383
48488
48509
48552
47907
47775
48100
47933
47691
47732
47798
47789
47975
48040
48007
48061
48403
48306
48508
48367
48285
48254
47714
47728
47852
48857
48870
48633
48714
48502
48519
48606
48539
48666
48648
48026
47684
47637
47561
47554
47552
45018
42705
47871
47481
47484
47464
46801
47279
47379
47359
47274
47239
47292
47230
47442
47615
47881
47890
47830
47772
48001
47783
47563
47107
46995
47008
47246
47250
47452
47187
46872
46966
46968
45419
42419
47354
47340
47314
46862
46442
44970
42412
47472
47982
47004
43313
47879
48347
48563
48760
48716
48336
48421
48169
47956
48266
47149
47163
47114
47314
47273
47077
47070
47216
45538
42780
46888
46940
47132
46672
47119
46215
43584
48306
48868
48856
47867
47923
48009
46297
44009
49182
49202
49229
44361
44175
48798
48799
48974
49004
48847
48989
49353
45559
43606
48114
48057
47985
48081
47790
47748
47961
45408
42916
47133
47124
47637
47539
47932
48036
48070
48317
47924
48055
47953
44288
42884
48615
48637
48381
48691
47925
47584
47996
48227
48320
48202
48431
47939
47812
48126
48079
48153
47443
47366
48109
48567
48606
48587
48675
48654
48592
48623
48909
48572
47721
47352
43872
48482
48503
48446
48708
49174
48905
47860
48528
47248
43517
48875
48743
48755
48922
48773
48804
49189
48854
47231
43513
48995
48946
45879
44170
48938
48782
49024
48989
48988
48883
48676
48565
48501
48382
48250
47630
42849
48384
47943
48154
49280
49323
49375
47461
47324
46974
46864
46310
46294
46355
46878
46787
46746
46757
46754
47471
45809
43230
48246
48025
46696
43908
48185
48193
48189
48559
47624
47674
47369
47464
47358
47471
47453
47192
47011
47111
47098
47251
47344
47399
46918
46647
46630
47051
46987
46751
47314
47266
47599
47692
47734
47311
47413
46434
43058
48113
48217
47759
47759
47828
47747
48739
48785
46579
42942
48676
48693
47146
47200
47976
46957
46678
45284
41566
46744
47261
47646
47636
47628
47437
48141
48336
48309
48453
48414
48367
48839
49042
45201
43493
48396
48493
49040
48696
48775
49274
49043
49109
49124
48155
47294
43726
48860
48322
48322
48606
47113
37208
44035
48452
48723
48761
48839
48560
48617
48191
46250
43207
48190
47855
47906
47567
47974
48504
45836
42969
48399
48218
48304
48371
48491
48615
48828
48494
48418
48590
48021
48168
47152
44535
43110
49087
48390
47930
48530
48766
48638
48949
48977
49073
47867
47867
47785
48467
48185
48162
47476
44238
43701
47931
47968
48018
48422
48482
48568
45793
43335
48495
48514
48792
48785
47964
48221
47116
46107
46265
46281
44693
41325
46457
46110
46390
47514
47536
48198
45053
43867
48055
48028
48244
48780
48677
48377
47867
47564
47688
47946
47707
47574
47334
47131
47068
47319
45377
40687
46499
46918
47109
46498
48387
48371
45236
47277
46819
46666
43706
42856
45233
42826
47748
47601
48370
48427
48410
48159
48574
48488
45039
42951
48112
48117
48155
48127
48129
47215
47562
47749
47871
47506
47302
46731
46865
44117
43046
46954
46924
45647
46070
48217
48437
48454
48531
45781
42230
46678
48659
48409
47812
45986
47713
47644
45110
45296
41895
42819
47658
47626
47430
47050
47047
46707
46536
46558
47147
47198
47496
46944
47053
44604
41623
47553
47584
47316
47053
47285
47490
47597
47468
44076
42660
48074
47491
47701
48352
48513
48223
48764
48455
48688
47626
47189
47206
47170
46142
47393
46989
46955
47138
47522
46303
46170
45804
46026
46084
45397
46211
46734
44505
42115
46518
46930
46885
46433
46438
46865
47407
47323
47369
48399
48011
46498
42349
41165
44905
45108
46927
47056
46770
47860
48044
48271
48490
47840
48042
48323
48459
45700
42729
47711
45596
38351
42011
46936
46696
48819
48908
46777
47039
47785
47865
48391
48047
48023
48129
47865
48334
48913
48447
48404
48218
47667
47876
47714
47501
47550
47214
47270
47879
44382
43177
47625
47475
47971
48341
48293
48261
48472
48592
48846
45983
43386
48108
48086
48119
48495
48434
48489
48101
48172
47577
48177
48707
48920
48942
49603
49382
48631
47946
48185
47901
48399
47822
47338
47254
47584
47808
47988
48033
48692
48905
49393
49261
45445
43337
48745
48189
48022
47765
47472
49292
48897
48902
48831
45593
43489
48337
47531
47612
47019
46945
47711
47232
46859
46498
47357
47164
46917
46688
44852
44399
44565
45806
46349
46410
46725
46901
44228
41697
45374
44348
40062
42308
47447
48544
48266
48365
48452
48925
48688
48330
48865
48882
48996
45043
38592
43838
48187
46635
42911
47798
47659
45905
42338
47260
48277
47960
47010
47081
47303
43237
42251
46837
46690
46175
46289
46287
46319
46604
46035
43685
48341
47745
47628
47583
47563
47710
47560
47562
47851
48041
45205
43454
47967
47616
47558
47348
47694
47678
48327
48212
47742
47515
47512
47437
47822
47517
47510
47519
47878
48167
48304
48374
47924
47851
47115
46774
46124
45529
46116
46159
45131
42791
48376
48531
45485
43153
48841
48838
48486
48884
48510
48358
47742
47816
48400
48231
48027
47972
47434
46640
46623
46606
46886
46571
46504
46608
46479
46486
46784
47073
47446
47147
47294
47810
47827
47590
47638
47835
47930
47874
48185
46821
46581
46526
46508
45387
45711
45842
46701
47083
47307
46546
46161
45841
46064
46383
43845
36387
37261
42695
43717
42314
46466
46599
46985
47572
45065
39875
43665
48359
48495
45716
43523
47991
48161
44574
43504
48091
47490
43986
43295
47939
47888
47953
47326
47291
46758
46801
47284
48609
46205
42078
47240
45659
41476
46773
46310
46168
45824
45964
45867
44481
40412
46327
45774
45311
44715
45345
46268
47096
46785
47468
47625
47446
47319
48311
44286
43773
48241
47391
47640
48171
47449
48095
48125
48055
47568
47963
48099
47754
47637
47634
47616
47426
47489
47648
47330
47782
47615
48085
48803
48865
48821
48772
48879
48890
48557
48861
48881
44471
43233
48154
48029
43474
42769
48478
48329
47204
45221
41532
47686
47825
47929
48082
48027
48298
48187
48212
48043
47744
48332
48139
48033
48059
48400
48403
48333
48339
48437
47251
47558
47486
47083
47370
47381
45754
42897
49500
49480
48467
48178
47887
48155
48572
48193
48463
44436
43109
46420
38724
42721
48007
47856
47343
47908
47656
47748
48064
48317
48428
48851
48895
48540
48484
48394
48720
48686
48703
48782
48829
47968
47632
47690
47628
47324
47181
47236
47138
47067
43190
37738
42107
47356
47256
47351
47124
46626
46210
45933
45770
47168
47056
47418
47455
47267
47233
47210
46039
45439
46182
46310
46254
46234
46227
45883
46168
46208
46243
46248
46245
45877
46053
46240
47150
47603
48443
48281
48445
48588
48523
48638
48915
47147
43448
49044
49121
49152
48800
48759
48785
48807
48874
44717
43027
48460
48532
48740
49040
49200
49204
48920
48693
48852
48826
48652
48041
48181
48482
48076
47481
48112
48353
48336
48563
48678
49332
49322
49357
49371
49355
49295
49263
49206
45541
40774
44104
49328
49177
48567
48361
48442
48615
48532
47507
48469
48578
48439
48431
48708
44401
43247
44643
42904
46363
46539
46461
46491
46938
47069
46898
47256
46985
47349
48287
48351
48303
48345
48619
48830
48510
49026
49019
48997
48926
48820
48646
48600
48591
48617
45011
43186
48219
48632
48295
48073
44765
42234
47698
47982
47969
47681
47207
47426
48280
48876
48892
48213
46355
42413
47964
48028
48039
48091
48282
48144
48163
48892
44666
43826
48941
49001
49051
49044
49329
47982
47934
48769
48827
43105
44003
46378
43300
48075
48012
47278
47382
47327
47190
47056
47249
47125
47160
47169
47496
47065
45071
42016
46626
46377
46299
47109
47199
46921
46767
46947
46871
46642
46951
47413
42531
42775
48146
46173
46508
46289
45834
45491
45908
45839
46133
45910
45907
45510
45401
47423
44448
43784
48481
47840
47828
47996
48014
48010
48015
48100
48152
47193
47071
43780
43230
47463
48568
48495
48601
44381
39351
43351
47706
47567
47762
47730
47900
48161
47976
47922
48004
44246
42850
47537
48158
48589
48620
48457
48385
48333
46968
47856
48087
47646
47406
47084
47037
45085
42245
46982
46955
47568
47457
47530
47146
46941
46893
46980
46946
46857
46906
46832
46590
46530
46608
47245
47573
47355
47917
48294
48265
48272
48455
47964
48130
46879
46973
46958
46319
46319
46179
45131
41988
47110
46875
46700
46719
45898
45891
46057
41821
46138
47117
46671
46644
47600
47740
47940
48156
47921
47892
47832
47800
47889
47793
47820
47978
48497
48665
48774
48466
48439
48344
48125
45229
43215
47988
48103
48202
48180
47951
47921
48515
48599
48478
48444
48384
48207
44544
43551
48584
48614
48867
48947
48926
48578
42452
43645
48256
48201
47906
47945
47955
48265
48926
48831
49036
47828
47860
48908
48873
48918
49068
48737
48717
48600
48487
48369
48449
43677
43042
47765
44302
40134
43229
47768
44421
42942
48375
48474
48496
48505
48549
42533
43054
44848
43326
47895
46736
46854
46922
47044
47111
45765
45454
45419
46124
46729
46749
46823
46802
45123
46041
45093
45079
45048
44989
44975
44867
44638
44707
44700
44715
44581
44390
45106
45149
45608
45792
45946
46544
46590
46574
46708
46804
46691
46514
46563
45922
45147
36883
41205
42957
41050
45485
45634
46485
48175
47993
48233
48447
46276
44040
48271
48393
48380
48509
48470
48266
48270
48019
47979
48165
48397
48403
48882
48920
48820
48738
48843
48338
48426
48676
48771
48770
48680
48579
47979
47924
47952
47637
44092
43888
49010
48995
49097
49076
49352
49224
44519
44388
48527
48556
48701
48177
48263
48383
48295
47342
49004
49099
48841
49086
48452
48594
48433
48401
48048
48374
48578
48619
48707
48299
48321
48376
48275
48370
48658
48529
48671
42491
41454
46346
46255
46182
46440
45615
45279
45760
45741
45673
46128
46367
46251
46703
46606
46438
46611
48551
48656
48539
48199
48500
48425
47831
47797
47589
47452
47671
47842
47967
47986
48232
48333
48282
47108
49258
49334
49286
49477
49485
48870
48893
41221
44318
39937
43767
48867
48833
48973
48920
48894
48928
48926
48886
49361
49512
49521
49485
49516
49475
49187
48525
48797
48103
47948
47568
43148
42914
48129
47810
48221
44809
43614
48352
44317
43065
48067
48064
48039
48065
47486
47499
47563
47476
47381
47508
45028
43690
46245
46411
46170
46410
44647
37910
42548
46277
41989
46732
46756
46754
45148
44879
45097
45085
45650
45681
46447
46103
45970
45919
46560
45679
42897
46557
46675
47163
47546
47941
48175
48058
48041
48046
47988
47668
47815
46591
42979
47749
45912
37902
43536
44426
39675
43789
48932
48938
48776
48271
48075
48272
45071
42921
46602
48851
48759
47813
47835
47472
47301
47262
47367
47210
47052
47025
46969
47760
47571
47591
47652
47740
47833
47894
47476
47245
47181
47061
47181
46948
46761
46740
47049
47820
45766
46285
46380
46226
46094
46263
46945
47177
42070
42275
47254
47617
47865
47917
46868
47702
47548
46911
47222
47073
47025
47173
48454
48299
48258
48410
48279
48237
48261
48995
48758
48671
48597
48640
48427
48273
48103
47190
43355
47933
47902
47931
48043
48180
48154
48179
48241
46710
39467
43333
49003
49005
49134
49154
45376
37756
43625
48330
48078
48041
47933
48087
47994
48000
48470
46814
43127
48713
48725
49444
49385
49439
49315
48980
49648
49562
49557
48759
48716
49038
48347
47678
47762
48224
47905
47896
44065
42556
47399
44421
41818
46181
42156
46453
45898
45657
45945
46360
47318
47706
47674
47138
47134
47363
47478
47554
47568
47758
47902
47758
48003
48865
48757
48645
48259
48285
48104
48124
48133
48060
47716
47621
47914
48082
48253
48448
48298
48523
48626
48444
48449
44446
43561
48836
48932
43543
43769
47675
47367
47448
47521
47425
47535
47830
47890
48262
48286
48319
48230
48095
47755
47691
47566
47608
47687
48628
48461
48246
48323
48201
48197
46926
40289
42985
46048
42860
48597
48418
48589
49146
49164
48559
48512
48065
48016
48359
48326
47914
47936
47518
47514
47442
47446
47454
46766
47278
47159
47319
47735
48111
48296
48622
48166
48417
48496
47804
47753
47679
45299
45210
45208
45253
45288
47306
47228
47114
46877
47035
47659
47987
48590
48619
45009
43697
48875
48375
48499
48213
48299
48309
48157
47684
47717
47702
47752
44972
43189
48316
48282
47997
47917
44356
43205
48123
48292
48330
44601
43353
48849
48473
48466
48503
48385
48357
48521
43753
43666
48888
48969
47966
47587
47792
45733
43312
48048
47709
47364
47508
47612
47768
47177
47502
47431
47758
47308
45962
46100
46026
45031
44747
43877
43955
47127
39530
44636
45153
44988
47682
47861
47508
48021
48056
47690
44946
43064
48033
48295
47875
47850
47824
47932
48282
44657
43301
48913
48427
49176
49067
49055
46334
43455
49484
49484
49460
49475
49056
48890
48358
48302
48593
48504
48380
48356
48364
48292
48996
49012
49002
48985
48644
48823
48916
47091
43825
48674
48382
48964
48487
48562
48601
47767
47121
47073
47419
47343
46988
43238
48139
48251
47607
47943
47985
48184
48439
44923
43921
48954
48633
48666
45444
43713
49346
49013
48583
48456
48398
48541
48572
48595
48735
48862
48811
48961
49149
49177
49191
49260
49285
49261
49230
48795
48733
48731
48793
48621
48394
48453
48449
48319
48353
47397
42810
48052
47844
47638
47667
47731
47925
47428
47243
47540
44290
38925
43355
47853
47879
48404
48382
48481
48076
48021
44265
43762
45807
38590
43117
48477
48306
48218
48410
48462
47688
46975
43237
47831
48040
47837
47006
43143
41631
43163
47421
47101
47114
47060
46880
47804
48077
48155
48172
47151
47283
44889
40174
42893
47716
49043
48881
48793
48890
46598
44237
47990
45506
40175
42626
47896
47711
47788
47927
46114
42567
48111
48224
47907
47710
47716
47747
47706
48142
48132
48228
48402
48176
48120
48152
48177
48049
48319
44977
39965
44055
48067
47707
48436
47167
44063
44299
43731
48840
48880
49129
49101
48652
46298
43398
48473
45725
43887
45565
43946
48572
48946
49052
44542
43924
48571
48670
48637
48554
48665
48623
45186
43128
48154
48309
48890
48557
48978
48728
48816
48760
48732
48750
48611
48766
49078
48864
48827
48771
49002
49164
49179
46659
43806
48784
48732
48467
48783
48581
48555
48518
48795
48792
48127
47970
47210
47076
48397
47659
47980
48481
48576
48578
48162
48000
48020
48299
48272
48038
47849
48220
48438
48357
48315
48469
48548
48498
48520
48627
48638
48465
49224
49054
47386
47134
41804
47551
47658
47605
47496
47588
47631
47594
43383
42306
46671
46655
47657
48034
47966
48280
47661
48249
48342
48083
48097
46344
43685
48312
48561
48239
45321
43396
47632
47620
47353
47366
48381
48312
48463
48738
49105
48638
48488
48204
48256
48260
48219
48251
48285
48404
48253
48069
48253
48862
48804
49109
49171
49125
48327
48541
48854
48858
48656
48688
48771
47295
43287
48716
48803
44476
43454
49003
48634
48706
48248
47875
47841
48386
48602
46112
43135
49268
48583
49575
48975
48810
49001
48669
48910
48795
48798
48895
47028
43643
49345
49390
46580
44015
49328
49358
48878
48550
48304
46109
43383
47504
47827
48268
48185
49019
48903
48904
48643
48354
48495
48556
48779
49658
49586
49366
49425
48784
49639
49563
49553
46007
42797
48162
48304
48412
48252
48623
48660
48044
48104
48133
48173
48176
48752
48632
48832
48841
48594
48643
48704
48689
48668
48637
48639
48121
47803
47881
47862
48166
48224
48798
48816
49069
48677
48075
47785
47988
48817
48857
46586
43261
48628
48629
48632
44665
38977
43229
45664
43500
45426
42876
44378
42995
48476
48493
48075
47881
44719
40442
42173
48392
48598
48499
48613
48313
48289
48570
48662
47409
42827
48630
48477
48402
48340
48492
48732
48721
48635
48510
47158
43824
48939
48071
48134
48099
48516
48548
48459
48048
47812
47883
45984
42748
48336
47516
48095
47647
47710
47833
48574
48315
48548
48611
48184
48301
48643
48730
48689
48705
48779
48550
46641
43318
46611
46540
48401
48297
48046
48122
48232
48610
48253
48199
47419
48004
48363
48376
44611
43516
48740
48720
48821
48429
48428
48390
49387
48846
48902
48924
44542
43427
48551
48414
48792
48952
49033
48870
46027
40579
42598
49032
49164
49124
49083
49099
46756
39900
43055
48828
45858
42072
48172
48495
48544
48608
48467
47880
48350
48636
48488
48409
47847
47893
48014
48074
43995
43636
47242
43444
42398
46666
46769
42335
42742
47295
47497
47979
48073
48142
47142
42724
48170
48243
48228
44653
43550
48567
48529
48508
48004
47323
42727
47438
46859
47159
47147
47350
43994
42898
47681
48861
48793
48699
48628
49423
49353
49221
48799
48655
48682
48837
48763
48550
48546
47957
47810
48538
48548
48506
48648
48691
48794
49241
49010
48414
48799
48732
48726
48751
48457
48361
48426
45900
43158
48604
48888
49114
49047
48656
45676
43229
48565
48529
48781
49071
48965
49012
49024
49101
48305
47943
47042
43309
48071
48371
48209
48148
45991
43649
48419
48498
48238
47950
47834
47821
47961
48144
46116
43183
47977
47824
47661
47657
48200
48210
47804
42983
47427
47073
47049
47172
48877
48831
47269
43162
49296
49257
49249
48941
46421
43489
46529
43721
48210
48159
48202
48263
48261
48283
48267
47069
38252
43530
48602
48405
47363
43398
48482
49006
49089
49137
49060
49297
44380
43585
49276
47036
43852
44849
44062
47316
43432
47817
46109
43637
47299
47414
48656
48503
48782
46457
44041
48826
47891
48086
45125
43960
48053
47463
44304
49564
49367
49329
49284
49165
49230
49251
49229
49060
49185
48935
48880
48927
49071
49077
49124
49212
49185
49174
49097
48518
48189
48493
48645
48706
48419
48399
48387
48767
47074
38388
43110
47580
47544
47338
47479
47497
47316
47260
42899
47557
48212
46445
43635
48780
48761
48775
49106
49006
48169
48323
48667
48734
48673
49046
49031
48867
49120
49121
46748
43998
49023
49011
48982
48999
49070
48777
48738
48144
48148
48199
48238
48119
48076
47967
47880
48213
48330
48398
48627
48591
48401
48403
48308
48336
48603
48707
48628
48520
48513
48696
48686
48713
48119
47930
47824
47689
47747
47655
47495
47557
47819
47913
47990
47977
46353
43101
47964
48081
48145
48207
47953
48258
49003
48644
48515
48808
48774
48625
47485
43668
48428
48382
48405
48337
47973
48093
48092
47085
43446
44452
42462
47609
47479
47420
47370
47184
47907
42622
47416
45808
43735
48736
48823
49061
49159
48534
48540
48650
48440
48447
48384
47950
47707
47620
47648
47588
47690
47733
48163
48160
44657
43854
49136
48985
48972
48911
48994
46628
43557
48804
48604
46970
43872
48661
48270
48275
48213
48195
49010
49023
48844
48921
48841
49012
49442
49460
49488
49496
49499
45176
44016
46098
44189
49157
49452
49409
49393
49331
49079
49115
48995
48804
49252
49320
49268
48959
48610
48519
48708
48381
48501
48269
48239
47442
43362
48179
48234
48413
47389
43906
48869
48902
48930
48723
48794
48917
48885
49019
48788
47183
43618
48928
48926
49030
45793
43619
49098
49172
48745
48295
48167
48332
48282
48393
48432
48523
48391
48378
48329
48128
48041
47997
46253
42970
48026
48080
48079
48413
48463
48179
48091
48131
48158
45645
43705
47766
47774
47720
47285
47804
47773
48009
48077
45551
43774
46920
43353
48437
48335
46488
43254
47926
47894
47853
47985
48181
47310
43365
48220
48597
48425
49190
49166
49312
49233
49153
49207
49006
48897
48868
48913
48853
48991
48811
48873
49145
48994
49216
49236
46334
44039
49154
49339
49330
49289
49313
49266
46438
44861
49576
49296
48414
44433
48708
48568
48451
48819
48751
48846
48970
48978
49406
49065
48954
48493
48361
48235
48322
48439
48704
48575
48968
49065
49128
48883
48944
49025
48958
48791
48803
48821
49188
48572
48563
48751
48792
48782
48423
48668
48690
44975
43415
48745
49175
49083
48937
48928
48912
48889
48727
49164
49026
48734
48933
48908
48030
48189
48195
48887
48927
48621
49336
49271
45617
40272
44091
48809
48820
45829
44176
45449
43833
48424
48077
48288
48381
48370
48276
48302
48384
48338
48319
48318
48528
48783
48758
47575
43494
46348
43270
48188
48205
48481
48701
47119
44020
48765
48764
48592
45451
43542
46140
43774
49371
49198
49404
49348
49137
48831
48527
48412
48277
48246
48270
46630
43547
48384
48397
48407
48505
48274
48394
48863
48900
48974
48450
48181
48479
48703
48612
45852
43409
48629
48430
48444
48714
47150
44660
48818
48690
48705
45741
43607
49193
49421
49267
49402
49298
49166
49233
49133
49273
46413
43153
48508
48563
48553
48178
47247
47147
47467
42753
47889
47855
47876
47805
47862
48006
48747
48863
49055
49034
47263
43700
48769
46210
43883
48913
48982
48651
48910
48922
48496
48503
48738
48867
48989
49378
49322
49598
49486
49443
49259
49398
49343
49416
49288
49305
48900
48810
48582
48571
48529
48931
48948
45994
43666
49378
49173
48929
48967
48699
48761
49030
48991
49077
48323
48660
49396
49348
46005
44589
49281
49227
49223
49142
49295
47632
39728
43659
48996
49117
48554
48370
48615
48535
48638
48639
48549
47058
44401
48862
48854
48807
48821
48749
49099
46000
44251
49361
49237
49217
49356
49445
49317
49225
49228
48486
48483
48393
48470
48627
48599
48637
48822
48808
48847
48768
48783
47319
43203
48244
48213
48286
47920
48201
47864
47946
47987
48449
48533
48475
48571
48517
48401
47850
47879
48352
48582
45496
43007
49037
49028
48739
48735
46577
43884
49155
48997
49027
49024
49073
46262
43980
49011
48928
48825
48818
48971
49126
48955
48895
48706
48620
48811
48851
48883
49119
49013
48748
46613
43722
48788
48897
48781
49264
49013
48797
48845
49090
49041
49074
49380
49475
49598
49536
46396
43913
46878
43136
48869
48862
49056
48936
48966
49427
49437
49419
49492
49517
49056
48283
48289
48156
45341
43302
46186
42019
42845
46687
42937
48441
49064
49025
48854
48894
48847
48713
48711
48698
48738
48793
48750
48954
48348
44645
44075
48646
49181
49252
49356
49727
49848
49555
49652
49488
49338
49152
48814
48736
48684
48719
48799
48748
48829
48628
48943
49460
49028
49514
49428
49473
49452
49220
49146
49178
49244
49190
47021
43115
48101
47994
48238
47407
43215
48033
47700
48495
48517
48585
48566
48640
48595
47693
47640
47636
47620
47336
47170
47473
47197
41818
46446
42690
47744
47492
48361
48648
48715
48585
48161
47598
47587
47639
48127
48324
48232
48780
48671
48671
48580
48709
48498
48615
48566
48255
48043
48521
48470
48372
48271
48350
48198
48024
48285
48190
48168
47993
47915
47647
47744
46553
43435
49188
48622
48603
48745
49051
49122
49146
48873
49035
49028
48429
48295
48083
48126
48109
47814
47889
47855
47188
43044
47621
47703
47865
47882
48035
43499
43542
48343
47210
43608
49133
48977
48888
48850
48975
47561
41816
43758
46042
43313
48598
48433
48487
48402
47516
43027
48354
47905
48415
48340
48287
48020
47971
46709
42564
48010
48182
48238
47620
47647
47705
47715
47807
47873
47932
48127
48199
48190
47845
47795
48471
47188
43039
48379
47994
47966
47839
47817
47396
42725
48665
48688
48676
48422
48531
47491
42508
48662
48235
48039
48001
48013
48016
48118
48404
48428
48319
48432
48532
47946
48391
48011
48263
46274
43184
47927
47811
48336
47722
48062
48668
48605
48601
46392
43617
48618
46304
43571
46121
43488
48474
48481
48464
48507
48658
48680
48778
48387
48418
48217
48312
48361
48252
48154
47898
48497
48342
48485
47923
40662
43513
48561
46776
43702
48561
48699
48598
48548
47567
47685
47734
47797
47773
47917
47860
47926
47905
46952
47017
47234
47076
46720
46841
46781
47206
47390
47489
47169
47690
47758
48024
48493
48351
48321
48341
48230
48629
48481
48459
48691
48248
48052
47052
42465
48341
48282
48496
48722
49085
49022
48961
49117
49109
48950
48573
48558
48004
42642
47051
42437
48310
48260
48274
48069
46402
38485
42798
48419
48533
48441
47671
43200
48354
48241
48217
46000
41321
42780
48012
48087
48085
48265
48185
48110
46596
42904
47857
48055
48571
48582
48667
48884
48590
48713
46692
39582
43834
48858
48882
48895
46636
43710
49034
47489
44041
49220
48917
48524
48602
48443
48548
48777
46292
43612
49358
49211
49273
49364
49098
49110
49158
49140
48983
47785
43181
47824
47886
47922
47991
46036
43306
47520
48256
48204
48258
46620
40408
43098
48484
48351
48271
48312
48305
48852
48293
48440
48619
48574
48687
48561
48652
48648
48744
44703
43769
49063
48995
49122
49153
49531
49197
49325
48509
48329
48218
48185
48421
45345
42530
48313
48921
49094
48860
48869
48813
48551
48586
48577
45935
43225
45803
43039
48664
48418
48435
48617
48562
48234
48425
48978
48422
48539
44016
48372
48319
44834
42761
48308
48698
48639
48447
45646
43382
46919
43929
48990
45423
43492
48447
48227
47998
48001
47990
48673
48824
48861
48975
49024
49084
49076
49069
49147
49085
49029
49061
48557
48569
47710
43919
48923
48978
49065
49235
49213
49243
45369
43822
49196
49259
48873
48968
48964
49304
49013
48926
48975
49079
49121
49113
48998
48796
48073
48116
48075
48135
48160
45692
42559
48692
48716
48643
48651
48603
48079
48298
48728
48037
47989
48101
48746
49414
49433
49143
47548
43927
49530
49494
46851
40397
43663
48668
46158
43925
49533
49762
49732
49824
49824
49699
49803
49724
49319
49549
49523
49555
49726
49879
49939
49805
49759
49706
48915
46144
43550
49330
49610
46885
43376
49162
49025
49034
46168
42970
48584
48456
48453
48637
48710
48716
48725
48714
48654
48903
48828
48885
48722
48799
48366
48321
48367
48409
45474
43037
48454
48362
45909
42325
46830
42754
47518
47385
47273
41819
48044
47402
47488
47621
46433
42063
47035
47318
47814
47968
47739
47558
47467
47279
47073
47152
47346
48671
48841
48587
49097
44934
43488
48048
48238
47670
43691
48548
48731
49320
49134
49036
45036
43820
48993
49124
49145
49299
49142
49145
49055
49358
49313
49322
49412
49417
48814
47085
43565
48246
44914
42537
48368
44973
42985
48577
48348
49040
49095
49049
49014
49039
49036
49032
49290
45668
43845
49058
48779
48596
48132
48074
47366
48586
48678
44912
43165
49249
49198
49488
49381
49241
49226
49299
49332
49278
49160
49265
49242
49208
49210
47178
43799
48857
48621
48520
47765
47756
47712
48263
48349
48018
47949
47914
48011
47499
47441
47794
47831
47894
48098
44957
42762
48465
47857
48041
48106
48145
48157
48190
48122
47807
47833
47872
47814
47763
47752
47886
44936
43332
48468
48511
48115
49064
49133
46597
43139
49002
48979
49007
49092
47699
43340
45270
43263
49361
47348
43612
49316
49329
48473
47839
47782
48809
48815
49284
49482
49690
49122
49037
49017
48949
48611
48675
48516
44607
42877
47618
47292
48303
46517
46611
46613
46895
46930
46987
46307
46223
47274
47151
47275
47415
47352
47464
47481
47615
47734
47879
48167
48145
48453
45487
44060
48114
48143
48189
48257
48518
48479
49137
49047
49060
48995
49095
48724
48826
48574
48573
48313
48068
49192
49171
49109
49287
49027
49013
49008
48881
49035
49081
46425
43539
49043
49360
49190
48723
49099
49112
48007
48050
47960
48021
48262
48036
48073
47185
47301
47215
47983
47916
48666
48704
48951
45338
42728
48736
48672
47293
47138
47159
47910
47766
47878
47534
42292
47011
46838
47796
47593
47523
47837
48040
48221
47637
48389
48272
48533
48639
48743
47950
47967
48056
48362
48319
48663
48727
47788
48134
48030
47812
46741
47007
47028
47424
47482
44760
42729
47878
47994
48669
48728
48233
47900
47717
47771
47757
47648
47379
47433
47820
47625
48591
48638
48733
48443
48176
48055
47967
48377
47520
48064
47706
47751
47879
48418
48731
48771
48284
48373
46592
43537
48220
48421
48161
47735
46537
42119
47217
47135
48158
48415
48360
48438
48561
49179
49183
49637
49580
49802
49066
48867
48929
49300
49167
48727
47809
48082
48075
48427
48897
48768
48582
48868
48920
49239
49082
48271
46171
43356
48210
49249
49126
49185
49229
48574
48126
48004
45435
42625
48529
48430
47890
47732
47800
47793
48018
45341
43213
48302
47351
47668
47827
47566
47662
47300
47423
46955
47234
46999
47191
47727
47907
45984
42862
47845
48185
48144
48027
47852
47937
47672
47835
47762
46825
46039
45262
41149
46330
42166
47206
47380
48089
48088
47481
47608
47575
47342
46786
47156
47026
46986
46474
46745
47614
47864
48709
48627
48692
48252
48350
48443
46401
42541
48443
48917
48923
49011
48907
48902
48908
48832
48810
48951
48819
49025
49212
48744
48712
48730
48243
49019
48202
48276
48074
48570
48447
48622
48785
48735
48766
48513
48608
48569
48462
43360
44070
48713
48689
48652
48439
48353
48502
47906
45448
42577
47873
47782
48658
48633
48564
48306
48200
48206
48368
48162
48045
47998
47712
47782
47754
47718
48777
45948
43590
48734
48689
48620
48562
48242
48431
48205
46397
43221
48799
48212
48117
48276
48256
48287
48202
46763
42861
47635
47598
47752
45270
43689
48106
48038
48351
48691
48730
48706
48680
49533
49063
48723
48484
48466
48373
48372
48302
48227
48164
48110
48004
47875
47912
48324
48460
48415
48440
48399
48424
48356
48487
48354
48618
48604
48672
48200
48304
47532
47659
47714
47807
47519
43354
42516
47180
47536
47179
47245
47366
47738
47466
46735
47996
48199
48103
48253
48077
48016
47996
48329
48510
45180
43717
48622
48517
45713
43917
48437
48217
48383
48486
48123
48128
48461
48788
49023
49035
49173
43445
43781
49211
49247
49440
49670
49767
49799
49809
49602
49110
49172
49204
49259
48219
48090
44852
43649
48897
48825
48896
48944
48716
48753
47918
47891
47876
47462
47837
48023
47915
45711
42544
47596
47598
47925
47836
47783
48084
48227
48325
48425
48389
48523
48236
48396
48301
48565
48554
48575
48717
48841
48871
44656
43354
48859
45720
43039
48405
46900
43016
47990
48061
48131
48170
48068
48054
48223
48137
48105
48026
45785
43921
48210
48392
48350
48100
48145
48413
48297
48212
47787
47839
45468
42681
47881
47937
48707
48806
48806
48760
48485
48560
48767
48696
48635
48167
48179
47363
46719
41940
46697
45245
42353
47281
47258
47421
48658
48744
48805
48346
48525
48331
48270
48245
47675
47567
45458
43797
47875
48501
48543
48394
48466
45915
43887
48849
49181
49163
45124
43366
48792
45292
43768
48682
48676
44783
38958
43425
45422
43625
49004
49113
49155
49196
43805
43413
45493
43379
45466
43452
48622
48745
48774
49166
49024
48949
48763
48262
48299
48465
45260
43245
48043
47685
48086
48744
48813
48648
48638
48796
48264
47897
47875
47948
47255
47282
48047
45410
42505
48131
48343
48767
48671
48699
47916
48306
47898
47908
47579
47666
48164
48353
48216
48113
47264
44341
42286
46341
47647
47746
44605
44510
48866
48732
48383
47622
47271
44395
42997
47576
47317
47310
44730
43059
47688
47640
47846
48028
47401
47010
47389
48597
48993
49205
44832
44436
49313
49295
49578
49099
48716
45836
44039
47276
47066
47029
47466
47623
47720
47823
48877
48920
49122
48824
48774
48939
48575
48751
49014
49353
47391
47256
42415
42249
43550
42615
47913
44125
41681
47066
46821
46421
45653
45844
45475
45705
46730
41673
46972
46214
47842
47878
46096
43504
48389
47104
43907
49114
48558
47866
47944
48186
42851
42552
44047
44114
49365
49236
49068
48962
48877
48918
49000
47763
47394
47486
47981
48025
48111
47862
48473
48505
45567
44245
49107
49189
49130
44750
43865
48929
48866
48868
48888
48408
48845
48195
47946
47685
47603
48529
48607
48759
43051
43612
48697
48578
48326
45755
43143
48076
48289
47975
48604
48459
49162
49290
49313
43864
44260
49237
49078
49121
48956
48879
49149
48508
48477
49694
49049
49050
48772
48670
48752
44090
42635
47608
43285
42862
45562
38570
43093
47744
47633
47789
47865
47847
47697
46918
43322
46751
46816
46830
46591
46608
46934
46832
47371
47430
45477
42598
47960
47996
47971
47885
48717
48451
48545
48448
44565
43191
46814
43474
42543
43929
42499
47631
47752
47985
48135
48296
48247
48223
46496
46470
46119
45963
45531
46011
44638
42973
47497
44597
42899
46980
47303
47395
47533
47614
47255
47260
47246
47342
47299
47545
45722
43051
47149
44731
42708
47628
47959
47963
48435
48257
48012
47773
45568
42108
46969
47046
47073
48113
48142
48206
48114
46610
46716
47221
39329
42830
47615
47562
47499
45941
42720
47199
47718
47510
47344
47423
47300
43691
42207
46468
47879
47625
45606
43233
47810
47833
47744
45660
42719
48449
48335
48313
48568
48525
45091
43915
48414
48433
45184
43152
48160
48557
48599
48680
48778
48631
48508
45073
43270
48198
47835
47824
47858
47803
47414
47366
47655
47717
47542
47468
47327
47246
47490
48155
48851
48665
48414
48734
46693
43137
48477
48547
48363
44838
42696
47844
47710
47616
47624
47719
48116
48086
48083
48403
48392
45025
43404
43900
42927
47455
47521
47668
48040
48063
47351
47395
44241
40912
41642
46966
47643
47985
45000
42752
48326
48206
48098
48078
47928
47983
48845
48477
48534
48565
48802
48776
48838
48928
47641
46736
42807
47888
47835
47951
47757
47890
47665
47440
47434
47430
47407
47344
47856
47860
48460
48281
43272
43804
48377
48344
48267
48525
48578
42427
37085
43823
48278
48201
48567
48622
47902
48439
48490
48416
48416
48392
45874
37385
43715
47810
47873
47922
47918
47834
47296
48286
48132
48354
48798
48778
48622
49067
48120
47679
47184
46894
47808
47996
48241
48479
49049
49387
48669
48623
48520
48531
48218
48274
48364
48330
45010
43677
48909
48601
48151
48060
48091
48028
47892
47878
47411
48800
48738
48703
48825
48703
48713
48666
48657
48642
48559
48449
48532
48426
48484
48531
48425
48845
48660
48724
48712
48749
48748
44805
44365
48704
47413
47308
47290
47761
47879
47822
47829
45633
43587
47894
47665
47626
47679
47712
47742
48237
45729
42276
48137
48429
48474
48891
46901
39121
43719
48960
48545
48454
48743
48811
48790
48736
48071
47577
47833
48777
48979
48963
48002
47967
48090
48273
48294
48136
48100
46896
46913
48010
48232
42616
39519
42632
49387
49404
49237
48749
48929
48915
47069
43343
48811
48780
48760
49121
49080
49071
49018
49016
49116
49062
48462
48096
46703
48148
47893
48487
48288
48215
48179
49058
48627
48791
46112
43748
48672
48692
48657
48723
45710
43287
48045
48002
47774
47786
47630
47677
47461
47388
47344
47156
47153
46463
46391
46433
46547
44220
43222
47523
48664
48620
48681
48599
48150
48021
48649
48768
48758
48589
48691
48805
48679
48569
48527
43318
42122
45389
42265
47384
42293
47058
45348
42454
47371
47492
46894
46940
47063
47006
47743
47968
47748
47588
47663
47707
47555
47424
47393
47339
48848
48229
43783
42257
47428
47269
46894
48042
48339
48249
48163
47933
47909
46989
47045
47040
46932
46853
46841
46804
46587
46509
46380
46365
46942
47557
47727
47750
47860
47757
47715
44446
42569
48233
48042
47991
47567
47641
47644
47596
47852
47931
47880
47963
48095
43761
42964
47779
47374
48448
44765
39346
38165
42874
48015
48045
47997
47699
46894
42845
47268
47117
47010
46986
47204
47333
47959
47893
46592
46596
46746
46096
46003
46172
46077
46304
46350
46373
46521
46539
46749
48522
48533
48528
48429
48540
48686
48532
48564
48323
41704
37542
42809
48517
47899
47888
47352
47418
47874
47764
47758
48076
48133
47515
47422
47674
47550
48656
48663
48891
48509
48492
48125
48335
48436
48426
48531
48366
48158
46693
43467
48113
48169
47152
47310
47326
47406
47690
48701
48509
48561
46492
42917
47857
43034
42458
48295
45222
42868
47981
48238
48490
48826
48658
48173
48039
48148
48548
48435
48264
48648
48709
48704
48714
48739
49106
49256
49147
49361
49307
49362
44828
44195
43663
43988
43144
42783
47364
46193
46219
45784
45636
45873
45902
46038
45999
46596
46363
46430
46113
46438
46408
47110
48031
44121
43010
44224
43649
48809
48867
47067
43513
49077
48635
48598
48217
48112
48113
48316
48046
47915
48005
47991
47792
48025
45307
43242
48159
47976
46456
42997
45240
43157
48660
48740
44222
43128
48411
48373
48121
48140
48173
48092
47807
47815
46976
47035
46961
47007
46978
47052
44344
42690
47273
46676
46063
46128
47120
48267
48797
48351
48290
48354
48668
49070
48758
48802
47562
47454
47407
47536
48603
48713
48674
48854
48850
48867
45173
44147
49229
49245
49179
49269
49171
49195
49012
48604
49237
49337
49354
49356
49045
48954
48754
48684
48678
48172
47933
44723
43215
47433
47498
47608
47801
47619
43059
42347
48324
48310
48524
48486
48431
48436
48417
48622
48601
48564
48531
48494
46441
44204
48340
44674
43644
48555
48455
48360
45643
43323
49387
49261
49254
48778
48733
43620
39614
43506
48519
48094
48605
47669
48122
47875
48267
48381
48299
44915
43348
48237
48559
48813
48886
48833
46089
43806
48947
49266
49668
49608
49376
48873
47887
48350
48491
48510
48541
48767
48857
48348
48367
48197
48176
48158
48569
48530
48718
48772
48781
48643
48446
48644
48583
48627
48651
48647
48843
48828
48784
48675
48692
48666
48489
48570
48623
48697
49220
49251
48795
48648
48990
48585
48572
48582
48591
48745
48735
48747
48693
48686
48636
48691
48217
48209
48605
45801
44164
48601
48709
48692
43551
43834
48693
48850
48390
48591
49031
48688
48683
48372
48232
48535
48628
43409
42910
48581
48803
48745
48771
48769
48953
48925
49007
49049
48897
48742
44674
43918
45613
43659
47987
48448
45041
44406
49346
49016
49283
49272
49096
49067
48862
48896
48619
48472
48325
48322
43140
43112
48239
48585
48170
48614
48065
48052
47955
47992
47986
48522
45568
39134
42688
47504
48207
48086
48441
40898
43735
48715
48505
48426
48343
48370
48440
48393
48255
48318
48301
48382
48579
44111
43248
48013
47802
47739
44675
42663
47834
47851
47886
47888
47799
47883
48093
48133
48118
48153
48475
48437
48248
41837
42056
47915
47886
45162
42607
47546
48114
48558
48152
48624
48287
48044
45045
38418
42906
48259
48580
48676
48643
48404
48155
48512
48654
48704
49257
49497
49517
49528
49344
49317
49043
49070
49040
45280
38727
43877
47210
47637
47498
47649
46080
42824
47869
48307
48441
48274
48214
48318
48110
47868
48160
47904
48277
48672
48505
48463
48206
45545
43124
48169
48502
46715
43883
48156
44893
43447
48096
48138
48041
48018
47990
47969
44012
43254
48110
48078
48069
48129
48239
48354
48439
48553
48494
47591
47583
47505
44782
42407
47424
47349
47015
44154
41243
45990
45805
43947
41804
46715
47276
45690
42247
47687
47761
47715
47699
42751
42637
44713
40188
41532
46276
46194
46130
45723
44965
45147
46731
46675
44765
39960
42497
47733
45132
42776
47115
46988
46971
47108
43854
42688
47160
46709
47935
47080
47170
47560
47642
47671
47742
48107
47899
47901
48038
47880
46779
40507
42605
47280
47403
47397
47416
46411
46659
45948
46395
46448
46368
47151
47114
48186
48141
48468
48499
48632
48806
48557
48667
49025
49040
49433
49461
49380
49658
49263
49302
49365
49183
49321
43714
39738
44073
48833
48918
48792
48564
48582
44387
43814
48843
48612
48616
48550
44547
38807
42922
47581
47530
43972
43136
46993
47129
45047
42762
48185
48235
48149
48023
48451
48535
48486
48429
47634
46036
45768
45178
46183
46112
46007
47361
47226
47323
48286
48200
48200
43962
43641
48434
48507
48546
46762
46850
47106
42583
42089
47657
46846
47031
47305
43934
42410
47380
45516
42539
47293
47782
47315
47354
47659
47711
46912
45564
45629
45606
45580
45782
45520
45483
45371
45322
45429
45931
44279
44378
46690
44860
42617
46773
48410
48433
48383
48560
48301
48102
48201
48588
48477
48379
48377
48145
44527
43932
47597
47744
47797
47712
48257
48398
48326
48329
48358
48911
48881
42061
43212
43080
42984
47992
48388
48753
44832
43685
47607
47416
47535
47627
47201
47197
47199
47310
48179
48204
45147
43163
48811
48277
48094
41571
43090
48423
48488
48044
47832
47654
47610
47653
47332
47955
47721
47628
47595
47651
47711
47479
47359
46603
46451
46509
48075
48126
48309
48317
48372
48331
48357
48579
48237
48209
48242
48345
48379
44382
43264
48350
48265
45853
42791
47914
47850
47861
44875
42733
47858
47788
47878
47851
48163
48618
48272
48055
47674
44738
42626
48420
48270
48202
43218
38011
43540
47949
47641
48321
48840
48847
48613
48616
48613
48619
48753
48658
48512
48327
48344
48373
48125
48137
48195
48444
48311
48260
48271
48327
48293
48385
48514
48477
43529
42047
48534
48224
48625
48745
48888
48880
48485
48015
48282
48248
43909
35501
37388
43447
48075
48113
41912
38375
43196
48149
48116
47907
48169
48264
48321
48421
48512
48265
48155
48327
48229
48174
44267
43485
48007
45021
42950
47836
47795
48799
48662
48851
49127
45933
43899
