0
0
19159
5111
12488
10545
10358
11174
16554
11127
9523
8864
15423
11513
2973
9063
9659
10155
2604
9919
4297
2478
9795
4301
2894
1966
6861
2434
8255
7562
5859
3303
2994
4038
2471
3678
3206
4623
3365
6113
7775
7896
7479
7888
5092
3973
3123
6111
5036
3896
2720
6318
5894
8962
7653
7207
6909
3929
2871
3328
3306
4683
2701
2511
2915
3339
3240
2913
5115
2078
2530
4178
4787
2179
2596
3851
3995
2893
6529
5023
3872
3325
9381
7245
6403
6418
3379
3443
6779
2814
2230
2298
8874
2422
4472
4910
7512
2888
3304
3620
2391
2661
2675
3181
2390
2691
1788
4851
6298
2942
3351
5128
4909
2462
4764
7796
5094
1707
5239
7011
5678
2066
4074
7527
7754
2340
3471
3802
3640
2665
1293
5740
899
2462
4364
4041
5857
1028
4517
2437
5940
1347
6171
4828
3482
2551
12410
2413
2986
4232
2941
3368
6627
2612
2907
1902
2244
4562
1694
5035
1224
8383
4040
1830
1248
1522
5001
4782
2978
900
1997
2636
3493
1764
10267
5490
3735
1796
3604
4952
3000
1956
1988
9111
4083
4058
2719
2732
2807
3031
2093
2005
2010
3663
2718
2025
1841
2388
2326
1026
2610
2291
7350
3056
1301
4100
5610
7291
2389
1817
2636
1965
6573
2085
1672
2111
3752
3278
1563
1642
7573
4425
5217
3768
1767
5485
1753
5322
2175
1941
1948
3325
1949
3065
1889
5642
2532
4545
6497
7692
5865
4561
5268
4923
4873
5991
12382
5302
3766
3898
3717
13899
4361
6552
2668
3167
4198
5028
5469
3025
5933
7206
7405
3520
5092
1979
15598
1171
1937
928
2035
1609
4206
1245
1466
1796
3196
3754
3445
4706
4223
7503
3119
1173
1996
1261
1513
1887
2043
1721
1199
1841
2255
1372
4050
6210
3579
1379
1235
4179
4213
2716
1354
5187
6421
1772
3289
4781
19731
915
914
6251
728
2291
1425
10435
2615
1235
1709
1022
1156
2510
1329
2957
842
1512
1223
1555
2040
4549
2908
2835
2572
3671
2707
7137
2410
7694
2382
781
881
3090
4151
1139
999
3912
6153
1488
2453
5828
13455
3940
2665
1845
2055
13574
1074
1645
3007
3210
1648
1520
2984
6158
4532
2491
2478
850
3159
5502
2764
1319
1466
1453
3633
1778
1734
1562
793
1350
1416
1465
2200
1228
2885
1897
1905
1698
3229
11545
3150
1127
1600
4484
2742
1208
3373
2871
531
1677
902
747
1254
1730
1995
4955
1497
2332
2548
9776
2733
2308
3449
1391
2435
3126
988
1703
2272
1432
1538
1804
1812
2425
2725
1121
1215
1563
1683
3435
2107
5495
5237
3908
1585
1313
9581
2280
16157
1488
2577
1525
1023
5470
3022
925
813
1404
5680
2884
2212
1137
1486
1494
8219
3278
3369
1412
1042
1051
13202
1163
1079
1099
11279
1801
761
1210
12070
5613
1006
603
1093
2697
13148
4025
1409
2178
614
5338
1496
813
817
1197
2481
1797
747
960
1115
1042
1387
3230
2788
759
601
927
881
983
2287
2974
2013
2893
732
1004
9593
7561
2184
602
1166
4171
1418
1759
2107
2491
6566
1749
4390
5026
2025
2522
664
915
5151
2517
2060
1058
1846
5389
1991
2865
2295
2508
2361
5487
1007
5387
1950
5626
936
12443
852
4145
695
1057
775
5315
829
1251
847
6273
650
1803
411
654
1385
1912
473
880
1093
1720
3827
3074
990
3005
433
4089
1448
705
1160
1099
2370
800
2332
1979
2080
1912
1957
2404
3473
2409
4386
3547
1110
2503
2003
2207
2683
4635
2293
2327
1971
2398
1423
5354
5896
4495
694
1825
1866
15548
1118
2782
401
2667
2260
4744
339
1006
1292
1729
3021
1674
1201
3112
720
2513
1938
777
1209
1082
7788
1022
845
2805
937
1145
2277
5182
910
2690
7882
5688
2277
573
777
1626
1345
2239
1842
1396
3252
1688
2038
1946
4335
5441
1449
3823
989
13395
1232
1820
1508
1867
2354
3208
3673
1633
2658
1431
6778
3988
1391
1613
1312
3880
3415
2175
1014
785
6507
850
2830
719
1188
1787
3681
1554
2483
1389
1938
2253
3388
4314
6080
796
664
3945
2000
2142
648
1055
3415
475
1161
1765
1095
1703
1107
1384
3196
10182
3807
702
15386
1593
9068
883
1865
2067
1889
3829
3330
2897
464
658
5595
754
1573
700
4255
567
4680
2753
9215
2700
1116
3217
474
679
744
3780
923
279
2090
1072
981
981
7989
2130
372
928
631
8309
1915
1716
1346
1141
1950
1620
2556
2293
1545
2274
4757
4891
1947
3295
1070
5890
1379
8547
1135
1287
1731
2096
913
947
802
4101
1791
1493
1129
3913
363
1252
1251
3915
644
2379
2829
14701
2328
2611
657
10796
4765
4563
689
3940
8056
1418
773
1602
10649
4880
4368
4174
1418
1786
1882
8405
2456
1686
1735
1564
1981
514
6065
4655
6124
1541
4572
3234
837
3971
1466
1471
892
1890
2388
5622
1474
2104
1764
9940
4254
2551
1274
13376
1454
4728
1425
1871
1895
11153
2160
2466
3808
8278
2517
1101
1479
12876
11296
3294
1451
1298
3167
5959
2292
840
2798
4626
4183
2471
1104
1141
8213
4962
2241
1019
1349
1495
5699
3727
912
2021
2019
1547
1362
1593
3519
3826
3564
1289
3644
10111
8400
2638
1109
12067
1335
5249
1598
10650
578
4781
3402
7439
536
6457
745
730
769
6906
2078
2274
338
3469
556
1245
1878
3158
1369
1873
7663
1325
1425
8033
10055
3699
1487
4724
1173
4476
817
4198
938
3412
1963
3403
1607
5432
2453
819
2734
1342
3677
1130
9604
2824
1344
3088
1655
8699
2323
1340
2251
1640
1372
3822
3355
2784
3248
6955
915
1277
5323
7299
1684
3159
2550
9278
1247
8202
3745
9784
2306
3189
3209
492
4044
4044
1305
703
2153
2016
1268
813
3438
1214
3107
696
4336
786
5315
626
3586
2960
3099
1011
3779
438
4413
5596
1107
610
1116
4697
2253
3606
690
1668
4117
15438
1407
2007
3329
264
491
4652
3333
767
584
2098
594
4880
10705
1330
3082
964
3641
2237
413
2116
5277
892
1142
3995
5997
1786
587
1279
8344
9575
1924
2485
882
9438
7733
7678
2283
5672
2400
398
10795
414
928
2348
10512
1589
1270
2334
4677
3321
1113
995
6088
1603
1825
1350
2347
2688
4095
1736
4670
2272
3873
942
1462
3661
4954
3480
2117
4755
1749
5363
5429
6217
395
661
538
7960
1477
959
1438
1073
8891
2901
6073
2624
8568
6116
1181
1457
7070
7701
4350
2655
1258
3370
8906
8949
2699
515
1197
7275
1890
1655
3416
6140
3241
1198
8645
1378
6402
3539
1524
3578
1009
11579
1688
10574
2808
8782
2075
1030
2853
489
1626
4245
3391
609
3049
1237
9983
3244
7149
1935
5146
9296
774
3330
2555
1248
2854
3123
2931
2292
955
9161
7878
4176
645
768
581
6014
1427
1510
436
2925
855
740
3889
8959
2752
1252
831
1204
4487
4818
2078
1729
464
3623
3373
421
701
4069
1718
437
3044
1370
2052
5206
12628
2263
2116
358
5941
4486
1571
524
5098
3534
2661
1232
4868
5216
2250
7108
1046
2905
2896
1090
2834
3054
616
2431
3915
6739
1263
3669
365
2424
654
3336
5861
3798
1944
4134
3937
4072
3041
3953
3746
3464
685
4017
3745
5806
1661
3984
3816
795
2848
2560
2606
2393
3490
2252
1945
2464
2354
1683
1384
8798
11189
7865
3256
1262
2489
5566
3153
2037
2757
3743
2700
2190
3513
6608
718
8027
10331
9494
1834
1232
9714
10253
4986
2450
6255
6583
3792
6307
6990
2321
2340
6847
5741
2113
602
2711
2550
2911
1801
3448
4041
432
987
2906
4134
776
3524
6236
3106
1441
6603
8528
2377
8664
8372
2767
531
9210
1693
3075
495
7556
1346
9940
3284
5656
3176
6156
1238
3300
5043
3112
1784
440
3291
702
2536
1802
4209
966
407
1435
3734
2918
801
455
4709
648
4350
2247
5311
1280
722
4819
5703
3295
591
2591
2912
1226
1512
9414
8501
1310
3472
337
3025
1731
4723
738
4643
376
2235
8212
3239
347
1213
3135
447
5110
4253
413
2518
4607
5327
440
2027
6069
3342
6166
1207
5593
921
1899
3565
5779
2515
1631
1672
3275
6071
8498
4771
5566
6529
1009
4969
2917
387
2352
3064
1279
1536
1082
3159
2660
2839
2483
2247
1104
3207
2197
2769
716
1696
1327
1884
6987
4657
2296
1563
5716
7793
1763
2333
2931
3233
2300
5025
5390
3885
3159
3890
2984
4538
4027
726
2452
5457
15078
9713
2350
4411
9980
11241
8527
9819
2512
6621
7191
13879
9791
4342
1995
4259
3510
2767
8902
2366
4294
3389
7836
2685
2885
2253
5532
6795
7547
3523
6074
9571
7866
5731
7450
8860
9047
4508
3599
3401
2544
2722
4362
3042
2325
4103
2310
8749
8295
7793
3671
8356
11448
8358
3381
10463
11850
4982
5173
13580
13316
11314
547
1162
3467
2734
5581
1469
4089
2945
3049
3471
4824
4934
5238
3007
2564
11847
6899
4981
7494
2288
4451
3760
3754
2627
6941
4011
5230
3734
3475
2976
2978
963
6008
5988
5301
5530
803
1545
935
5401
1501
4568
1108
1108
417
1360
1604
4709
3941
2692
3891
3896
1659
7586
8098
9751
1571
8184
9712
8267
2875
2474
2323
7157
2256
1936
2579
9822
3200
8258
2670
3131
3570
1483
3352
4101
3169
3378
10034
5347
8864
8232
5688
370
5982
3865
2836
1821
5247
3150
858
3184
3811
7822
3612
8231
4094
6538
8824
7000
1192
3754
4846
3005
1856
4049
4686
4506
3872
3109
3827
4092
4066
2283
2922
1858
2563
395
3819
3804
4955
1217
8424
1113
3508
9601
11050
2450
3627
2756
3116
3183
5626
5701
4321
5748
2161
5211
4306
2345
5917
3943
3401
6794
4702
3018
670
6957
2677
6393
2531
6279
2150
334
4445
9556
12592
1065
2912
7692
6691
8187
750
9124
9288
10965
4231
9264
10376
9506
7132
7150
7344
7408
9810
8759
6503
9585
3623
2310
4949
6812
3217
4112
3921
2576
3823
4060
4003
3214
3860
4668
2369
4023
3195
455
3526
6606
3704
1503
2610
2315
7219
2417
7262
7180
1647
7904
9819
6906
3450
9555
3961
4235
1455
2405
2162
9859
1984
1931
2239
1929
7088
7269
8070
2292
8060
6381
1609
6089
2419
2228
2965
7206
2104
3365
451
4375
5688
3861
1423
3228
4070
2911
7170
3040
3538
2560
2469
6037
4293
2890
2351
949
3416
11203
1259
5143
1394
11256
2759
7821
2151
1770
510
5826
3981
5059
2218
3976
2447
2015
2656
3733
7384
1009
7159
442
9887
3807
2581
1412
520
2722
4820
3752
1848
566
4077
4558
4158
1759
2518
4337
5638
2220
2483
2190
2843
6364
6626
845
8043
11267
9723
2421
3874
569
447
5242
1155
2679
1115
2369
3093
8596
4627
3090
4622
4369
1288
2532
365
5527
2755
3882
1219
8314
4455
6747
1689
3165
2530
4581
2491
4028
2588
3079
3598
1721
3123
2213
980
9485
3585
7493
590
1633
9351
8927
1785
4238
1420
7003
4072
2256
2093
5820
3835
649
3123
9930
7448
4324
2921
10243
2173
7519
3981
9183
1452
9988
7423
10312
6425
6751
7614
9256
7859
9482
7276
7941
2652
3627
4016
2379
649
3330
3761
3149
1450
10380
10685
903
11180
8762
9146
2677
9338
10373
7181
8950
6866
7342
8762
9078
10158
7154
6495
5777
10574
5996
7902
7542
7083
5524
6591
5906
9014
5804
587
8242
8484
2425
784
7695
6590
3250
3811
5762
5503
8050
6110
1136
8997
8909
1586
2672
3334
2241
2128
2124
2854
3291
3125
323
3032
1872
2267
1396
1877
6563
782
2637
2100
3994
601
4215
4265
3929
1277
1807
4068
2789
9891
8856
6942
3882
6622
7382
7370
3657
8320
2557
7688
4906
9503
2946
4719
8614
8748
8481
1079
2108
1278
2508
443
488
2631
2910
1558
1648
3217
535
3563
5437
6719
1429
2166
691
3302
7570
6058
3118
7441
7262
3247
7137
7978
1732
4503
1836
8552
5439
6565
1266
3650
4830
5083
525
1517
816
6152
2189
1657
2825
5994
7156
943
7243
10823
8711
2755
5968
1480
8435
6199
8851
2960
7744
8758
6826
1632
11703
3871
498
5355
976
2294
1385
7651
1731
2116
1745
5910
2524
2880
1997
6066
7373
7147
8663
6348
7520
1003
5041
3474
11084
2051
4504
765
2638
4696
4273
1195
2961
7419
3984
3035
738
2696
2512
7873
1854
3856
4189
3290
3644
2647
2629
975
790
7976
8808
561
1802
1736
2605
579
2662
1977
2691
1693
7262
1341
6807
914
8234
4304
8286
2823
2357
3609
2259
2435
5116
4005
1864
4440
2279
5898
5185
2482
7282
6663
5860
7648
9709
6110
2403
4097
6846
1016
4103
5110
8088
3637
2230
3753
7812
6337
7409
1860
2924
1841
8091
4541
3723
681
2201
10343
2783
1873
1659
7259
3926
8195
1514
3000
2354
8799
2283
2998
7613
7974
7196
6748
917
9224
3467
3187
1807
1403
742
4186
3589
2415
1479
8371
7354
2699
2048
6272
3165
2430
2919
8408
2367
810
3022
2344
4863
4823
7028
3331
1911
2093
2190
1246
953
3705
2779
5180
3041
7640
7212
1648
9471
7974
2742
2966
3289
2432
3641
5529
2999
2792
3343
2060
2031
2975
1749
1798
4860
2490
8612
4194
9188
5571
3187
2543
9548
1317
3752
11243
11977
4054
1220
2338
2524
7602
1979
1825
3161
2882
3891
2990
4093
2283
2462
3199
2795
5037
962
10392
6809
8232
1999
2221
12059
2765
2915
4781
1931
4193
3614
3036
2348
4107
3148
7336
8900
2897
3228
11184
8368
4896
8731
9405
8943
5051
7761
5693
333
6082
8785
9052
1086
6630
719
7523
4837
2568
3707
6664
7260
4250
7493
3345
1924
4658
8099
2620
3302
2028
11872
5016
2460
7763
2486
3647
9226
4478
1996
3749
11053
7853
7137
5381
10335
5729
3576
2433
7360
10133
3328
2950
8961
9682
3737
9241
1479
8111
4979
8532
2125
8943
3418
3007
3040
8166
3896
1113
10188
10522
9839
3021
7410
11275
9404
8712
9161
8484
8615
6861
3180
3192
4111
2733
5508
4415
3720
5797
4371
3212
4644
3989
3765
3019
5212
2481
6426
6996
4910
3791
5481
6190
1129
8219
5392
4193
3909
4225
1976
9832
1214
9047
5046
10711
3329
6387
9015
8750
1117
3606
10993
9838
2217
5357
2229
3696
495
817
3724
3411
1513
2061
3091
1612
3419
4685
2402
1987
3560
2287
2852
9503
525
2470
2784
4750
2086
1570
4398
5155
4740
8230
1745
1648
2251
3446
4805
4910
3690
2161
7026
6059
9738
6317
6366
7213
2696
6959
892
7673
3445
5965
939
6342
9813
7412
656
8890
3882
2166
1562
3106
3001
1940
2153
5168
8863
9487
6836
2405
8414
10165
1490
2523
12177
6919
1063
8353
2753
2012
3995
3523
2268
1516
7920
584
2591
1978
6137
1253
1136
2398
9146
7296
3314
5599
978
1459
2424
3321
2689
2550
507
5543
2603
3950
1067
2374
6232
6291
6837
6775
2209
2226
2761
399
5273
2472
2821
1592
567
8714
3075
5586
2834
7744
2034
6637
8091
5656
11510
1432
7961
8132
10740
3625
7052
8171
1564
10440
13859
2761
1772
3412
13064
2703
2206
2911
10152
6053
6925
5267
2679
7586
2006
6426
3841
2416
3845
3860
2639
2378
3019
3271
10254
9155
3107
4834
2859
2152
5572
5178
387
2267
3994
4438
887
749
11023
2444
5882
2663
1941
2376
5808
6027
1747
9126
9130
7674
2618
7157
7542
8767
2641
6629
9601
2782
1041
2957
4705
4839
3725
4824
3840
5084
3223
3164
2903
4823
2132
3555
6411
3707
8766
10967
569
3874
9387
5216
1602
2562
6765
5038
1284
8760
4970
10783
2015
2200
6427
8517
4196
855
9044
1305
11292
3246
7371
3063
4300
5491
2380
3378
4900
6148
5249
4012
2210
7935
3355
1320
2759
2712
3173
4134
5682
2030
2713
7278
7504
8693
9277
5386
7477
7382
8696
7229
7565
5584
6152
1073
12679
1385
8073
4474
7284
2869
3977
1155
3172
9824
2731
2376
4618
9819
2005
3704
2307
8735
7002
7791
11943
5831
3922
2329
3184
5983
5125
2632
3248
6145
3499
5899
2206
7651
3122
4943
5387
3055
3680
1886
5389
1515
4348
2777
4607
2533
2972
8029
9691
8776
10425
6798
6788
2985
919
1941
6237
2341
3020
1737
5994
6259
7178
8127
7808
5913
5938
7318
9113
10293
6511
6371
8862
8702
8188
7184
6276
7962
6859
6916
7823
2073
4042
6949
10725
2209
4028
8997
6653
8886
11027
8502
10745
11883
8270
3543
3500
10887
9292
2077
2362
2387
3372
3710
2869
5200
4928
3485
6052
3936
2624
4585
2828
8161
2969
2394
4462
2355
5715
3971
2685
2432
537
4565
2741
3393
5576
889
340
3034
2987
1456
1534
2456
8181
783
4369
2588
3993
2799
2157
3891
3598
2609
1884
3215
2445
6161
2787
3036
2310
2772
3262
3078
4685
1997
2102
347
766
1856
8758
1105
759
2137
8614
8621
5965
11719
7102
7575
6881
3063
2890
1043
3250
3562
5376
6153
2010
2668
2358
1949
1809
3437
6289
2649
1020
1649
3280
3578
4642
1946
5277
3365
3639
3670
1941
4810
5660
5789
4576
3883
2401
3070
428
1382
10221
3433
459
3118
9089
6019
430
5769
6491
5449
993
1860
3525
5427
9604
842
2021
10044
11773
2054
1640
12473
10422
3912
3419
9888
315
11658
11397
12858
1202
7943
9341
1574
9540
9218
6218
2119
3137
3868
6031
4915
3321
3664
3758
4201
4291
3715
976
4034
3924
8836
2407
2405
8121
539
5370
4392
1119
1137
4618
1766
1379
8667
3108
766
3255
11970
3482
1347
3568
6841
7463
5196
3670
6583
7524
3076
5012
4462
3327
421
8772
4082
3079
1177
2342
2115
9368
7173
3011
2788
7696
815
5796
3704
10007
2864
2872
7657
5826
7564
1206
7124
5425
7692
1197
6125
10429
9199
1880
7008
8859
2563
3994
2293
316
6168
485
2739
355
5742
1071
8931
2646
2976
8489
2523
2567
2136
10913
687
4900
5750
2786
2306
2005
