0
0
31965
11280
10222
4983
8198
3766
17320
19188
8450
4942
8491
5929
17175
6320
3982
11236
6121
11903
9732
4845
5827
4355
18919
3092
8592
12511
5644
10319
4097
11327
7773
4839
78824
11223
4655
14496
6663
9431
5796
9622
9235
6875
6138
19197
7829
4959
7994
6025
13588
5266
5356
11247
7487
7412
3847
5826
7432
6471
8011
7978
5811
11178
6805
11668
4080
7678
3512
12695
35647
9839
8793
4195
9731
16328
4796
4226
4565
16434
8661
5739
6111
6190
3311
16553
43917
7667
10164
18774
5615
19734
12380
25518
8116
13482
39020
10440
20210
4574
4927
6317
13174
4535
87778
22215
11524
11268
38160
16827
18961
6249
15840
7582
4623
5291
7973
17013
8375
6181
4859
7813
5397
4730
8352
4460
4922
9212
35928
20017
7871
34503
6876
55843
11791
8224
7888
3670
12520
23062
11962
4281
5886
74412
5279
7445
37909
10817
6458
9699
5328
5798
4668
3321
11051
6718
7350
25583
46998
93324
83769
41766
34432
58157
48020
38646
68314
61072
58641
64143
47123
51497
41366
48318
80577
20213
32649
15326
22559
26636
3603
6424
3491
34403
19147
5593
6530
3598
19261
24357
4030
4386
6385
3269
52249
24682
7822
4867
3481
7484
5714
16622
25669
19028
6753
12442
6131
32580
11023
22935
18937
11568
30313
9048
5289
15176
13001
4427
4914
5178
65186
42054
17857
25234
10018
42774
11666
38731
11811
13323
8508
9357
9813
3690
13080
4551
6705
4450
73527
15249
12367
18912
10330
6444
67059
18080
74375
18801
23903
4644
5329
91695
29491
17099
14672
15145
8925
23214
6580
13568
4864
26900
36313
14556
35251
11148
37182
11819
9079
3029
10713
4296
33286
37352
10589
3895
3680
3811
45900
65276
6356
30989
14185
20140
6591
10321
11351
4720
16241
11771
3943
8525
31765
7293
18321
29977
29586
8295
8087
10749
9448
9848
5163
20000
46415
8415
11392
17966
25288
76957
7759
47115
11937
13429
51408
31480
58971
25321
27112
40193
11693
19679
13004
31142
44080
3304
9590
6128
8894
9927
3182
6037
10101
3971
7992
54133
22061
18191
5224
8546
17637
2836
4391
5155
6283
15626
33889
19996
7081
85694
38776
37513
55464
59595
6974
55320
7983
9388
4027
2779
5156
5145
4789
14232
23809
36455
38420
5340
3807
18849
4667
11585
8756
3332
4653
3390
11466
6825
13039
2514
3419
11251
19634
15473
30204
45443
3350
10951
5961
43628
3569
4593
3441
28621
5995
2759
22207
37674
14161
13105
2507
2337
36409
5863
5871
25255
2544
4165
6032
12418
5689
4152
4208
5478
2568
2762
3303
2168
88167
7647
12275
2083
4626
25330
27822
8593
5468
3409
6901
2331
4656
27915
16003
64371
21783
17859
19869
6768
36436
6213
3096
2996
6207
26220
54940
18319
7973
3534
23547
63600
40375
12650
3294
2757
75162
14492
31964
8441
5586
8407
15466
16703
6153
7226
56737
34315
3402
3789
31633
37840
28274
22000
4724
3132
44061
19048
18120
3321
6815
31437
6252
4108
5476
2659
34979
31179
8275
8240
7334
36846
9552
54773
18260
9741
6426
15059
3217
9305
4713
20994
56795
17001
34957
9028
24735
52824
24867
24669
14779
25490
18666
59813
16738
5900
30802
7735
55615
18507
21005
27516
13434
15039
33980
53506
52038
20906
18763
22886
15748
6042
12379
14883
9576
19910
12053
25390
76518
49450
33710
44969
14898
46010
10098
9835
12709
28505
28608
8846
5421
44122
8624
12451
7552
5559
6406
6334
4893
6601
63579
18185
37137
80093
78229
22435
21816
27113
3260
38101
4325
8267
5076
5904
24418
23826
42986
16320
6236
13724
41458
3494
39603
45882
76945
52899
6988
10635
4730
35767
5756
20284
8526
6026
16018
79718
37932
43819
10805
34529
7027
21085
14794
18988
31669
49460
44039
51145
25876
35935
7414
3688
28707
4821
8427
81613
8991
18509
50360
7682
71821
17073
83461
7380
12111
79634
4728
22318
21527
34761
79088
51597
37698
22996
31800
16497
7947
10484
4094
42584
60524
36377
17464
5918
8615
6573
60986
32499
13706
36366
5424
82571
6290
19854
4957
4115
10391
29847
35910
14462
24072
22972
32347
43681
16409
53437
8321
44235
44869
31954
15428
52017
25139
24073
23552
15896
30404
38146
59565
22798
40139
65054
16088
11208
7444
30122
27051
51669
23001
28850
7283
33467
10085
51236
29368
6642
4510
47935
6379
36708
42356
18760
62757
32844
27351
11761
26178
11185
34040
13052
8781
8730
16363
30560
41368
32998
15711
51880
45802
7109
33045
9791
62010
10563
53437
32699
30299
64189
86104
61780
9681
8112
17762
40420
13864
24533
26126
3200
49648
48743
37741
21840
17243
16931
4471
56096
5853
25975
41294
34233
18756
5801
6857
9647
9523
3728
25930
25500
65998
27806
18235
30382
8389
36864
16891
29090
6643
5861
6571
29097
11577
61240
46930
19992
54266
38001
20369
18943
18829
58307
5315
22269
10737
36958
53503
39258
29321
32982
25749
56034
24985
37137
40311
24516
16988
14071
38775
37753
34508
30130
57732
22865
8947
27230
38871
76460
38543
78193
40943
19966
58697
25870
25856
40116
31239
34123
37554
22098
5022
8981
13891
10710
5619
30348
4255
26202
6770
44508
30417
6649
20898
44049
11379
24792
5825
36824
8587
47860
7128
11808
59248
54488
50056
63388
14096
22109
66356
45134
55657
22484
40021
58717
23199
18440
60032
25928
80907
51450
42572
28672
27773
70647
44240
48985
35417
19533
38230
49222
14991
57404
8014
34006
4718
3300
47279
72582
53032
33802
28008
34926
22118
77401
69691
28477
3476
30711
9508
73543
9117
36207
30936
27761
49637
29915
6021
14737
7892
42235
39293
19909
26807
58580
7905
14811
42418
40272
20167
72816
57111
20375
46063
32628
46081
41242
13098
28590
7133
42085
4914
19039
4275
23142
38286
48057
39095
47507
42042
15385
66916
9068
43822
5300
27499
54136
19175
60406
4733
19941
36316
24238
18124
7827
4020
49428
33985
69126
26391
22488
64851
8969
31953
19104
4067
35203
15016
33832
10172
19166
43677
33346
22537
32954
24451
51440
41990
43513
7237
14624
8502
9870
7566
5674
2947
3872
48263
6718
28049
5730
20118
89119
54707
31748
21635
37874
64268
19533
40978
26326
10632
24947
3707
39786
8657
24302
11788
15070
50135
21214
24427
42176
59144
22092
20337
32427
41517
57321
27442
49042
17993
44586
53910
16389
37312
6668
26805
49742
21651
35621
26231
5901
51565
25143
24568
24458
19081
39734
36480
20297
33552
27715
37391
43297
31256
31064
29000
52605
45910
10724
37377
4697
22373
32697
35417
21716
41587
47033
32451
55337
14073
36459
56291
14472
13376
10158
8342
6178
50157
5703
31673
35395
24689
79546
12825
29236
30745
36691
69079
38163
23533
52246
51515
62905
34316
15132
9544
36617
41017
12862
60892
6256
23387
54482
21304
49178
75970
71115
82305
25015
40603
42793
44073
39637
79329
71590
35652
23637
39504
21687
18497
31234
4790
7583
67258
37944
62161
22281
24145
22378
28520
37833
17137
52974
20035
76762
7957
33579
26504
44889
57383
20739
52290
6027
5873
57356
19729
14192
48015
7711
50460
30873
32675
23704
43194
84730
28893
78469
40138
11416
77232
38402
45798
50882
19388
32761
32413
29794
21286
27652
28176
40721
43881
25454
14079
35681
75715
13696
57321
42068
29189
77493
45231
29388
24570
33727
32086
32042
17755
44494
25633
53954
71726
24448
10278
50429
55482
6152
22706
37903
21582
43425
82765
78066
30166
19300
68271
28225
43843
44080
72697
72869
83839
73225
48074
42315
19666
63910
37249
17685
59228
24103
54058
27996
35390
43439
55593
55476
33788
82979
10357
59435
59477
50877
23709
54064
53813
48048
91070
31541
35215
35183
32732
24324
35133
79297
49674
72306
39385
14802
25213
38069
88080
27273
45101
47232
34104
68269
52557
36719
16434
31406
88078
28712
61196
37015
34526
68575
50838
68080
27126
52746
61766
65743
60195
23205
25120
35473
20360
47092
84192
18645
55139
32487
64604
51247
42048
67018
27340
61752
60643
38556
49330
42101
55270
49049
27287
63087
37367
27945
39996
35130
47965
11101
6520
45325
27848
26647
49508
28093
84629
44914
25243
43441
71192
77788
38592
39074
38553
68558
25557
42720
8325
53871
10459
31088
30112
40668
71700
57505
49368
42672
29524
57388
69535
54591
28264
6927
41094
64449
71496
69664
28575
25278
83901
51333
59585
23920
24891
92086
43710
58621
61538
42368
29042
16435
84015
40651
17380
50920
33538
77863
23951
26004
43634
71444
87176
13995
30148
78470
41463
29811
48435
29654
50372
40864
70472
43645
37806
80812
39236
52322
25526
18270
39635
85238
73900
23984
38293
31228
74042
60094
48138
42323
19794
53043
32449
44742
33899
31325
65848
30320
51665
52731
53825
76329
61208
37425
27511
10629
8846
25980
29681
12193
19907
90535
55471
95870
30750
36638
41999
22165
33091
28977
53377
29727
27685
42317
38660
30206
55267
76173
32324
40375
46990
28172
62384
31339
32677
58405
42629
47934
48916
39303
46074
80482
34593
34869
11004
42677
32129
77970
50663
35496
69305
80651
56007
29208
58464
23367
28825
77425
48254
78520
62178
24921
34739
26921
49551
37545
37827
38536
57108
49398
59584
50061
60685
47301
26390
79939
55302
62135
39800
58307
52242
55450
75085
25908
23853
64292
54285
37123
58549
56078
43188
28962
35238
59442
28168
71980
47990
50863
74984
35229
28904
46293
30439
55553
34195
23179
43417
37810
55413
18749
54397
27247
48360
78953
63436
54135
50036
55182
28381
30338
95045
44653
29240
83189
32012
74715
45006
42396
28588
30975
34891
25994
33781
64710
28491
31376
37199
56753
32867
29124
47309
58661
29740
17055
30437
17504
18373
15458
28750
74465
23217
34275
30412
12809
55404
50018
53730
11738
40196
86505
56682
19662
36395
47924
81444
14036
39451
24013
30363
41684
33187
27111
26548
70822
44790
22952
77650
37363
24301
84228
63942
47024
23662
19565
28242
21326
59257
49712
44209
79844
38397
62525
48471
40340
24222
42447
35300
46421
38063
58266
25906
57024
70370
38383
38761
71810
36538
36538
37656
18825
70496
46206
84509
28587
42459
77208
61278
59533
55647
49358
57600
60830
51461
40056
37786
92730
21752
42982
61561
42213
31006
48801
18893
20298
36194
88986
53130
87413
38562
50510
56722
58872
95021
36573
35235
49215
29875
71628
50820
54659
77078
27055
65256
35619
47394
19239
26331
38328
42073
46547
77054
58875
12386
29848
31546
33862
58436
36468
36349
43843
40098
33517
23062
60812
53637
71634
67170
33408
50434
39666
39699
68927
42989
22814
27703
40575
92264
80262
27541
61168
56680
70184
48416
65152
63899
90021
51182
50240
26070
64195
72766
93713
69861
66357
27620
30526
77877
42065
64213
45049
55172
78537
59707
58016
33095
22975
44214
36837
30159
62371
32938
49004
44015
62103
62649
48413
49044
72791
23595
39908
75576
52301
51133
30640
70099
46242
59277
28560
26493
45381
54217
40487
67750
35527
50849
32471
60335
63027
39468
42484
28387
63665
64957
82265
42448
34177
40152
44527
27952
58590
61866
59560
60405
31012
54977
50099
53196
19057
27540
79321
32168
34841
55430
11412
59310
30142
43301
30701
29485
25891
39772
35747
49191
82990
27814
44786
10606
19502
49623
50979
67539
29899
49072
56461
26583
51905
40538
26675
81801
64916
74825
48368
62895
41090
63981
26302
44942
73519
35562
24467
15910
21093
27528
86424
65475
74926
26186
11143
51944
18628
19971
41136
41068
57419
40730
30369
44125
63959
54090
65931
32863
14884
27993
46199
91517
61758
29973
62286
46904
67080
41096
77988
41766
43683
49934
23717
92327
47214
81977
41844
39864
19538
36097
27536
42194
21247
9443
26383
31467
59578
40640
35670
61016
36100
28904
68591
52922
67203
19438
86520
38638
64279
36183
20152
84623
55373
70008
49435
57397
47764
36662
41964
39697
26225
67843
39945
28711
51207
28845
33582
85565
56898
59750
63125
47116
41148
44177
32289
66533
51200
78819
32260
20399
26520
38062
81751
82502
60642
60385
62488
68613
28846
62238
68709
43851
80338
43377
27040
30745
26365
64822
50759
89040
32000
33466
44877
29986
38689
55347
22372
56826
62194
67058
75515
26153
87612
49803
73093
54245
61014
66427
74003
14771
28865
48305
30414
40338
31223
24636
27879
79305
69468
29716
25184
14005
55157
90441
75650
78407
72448
34296
39615
28586
53399
31937
15573
58950
60446
67805
49583
46542
80934
57408
59295
92518
61517
67786
50269
69251
44086
51597
69250
48661
43115
36803
38662
57302
52699
63379
38587
53112
47643
20200
9509
30525
6525
10574
23971
34111
24226
48162
40385
17583
28303
23929
38036
54224
34864
23065
91646
44942
34409
76314
52786
46724
44881
69391
81261
28700
19903
12437
37322
42827
47104
15295
43155
41178
82970
26845
31762
6321
29260
49004
38850
59597
50862
37290
46236
18177
46676
41480
30193
52203
24088
91968
45980
37741
37897
38157
68378
68369
15926
40027
62217
25073
30702
15888
28643
36202
45065
57114
49732
54481
49274
31529
37785
68756
36318
65219
28576
60692
40119
51247
25581
18517
54371
57684
29736
89262
48442
21246
28765
26544
28832
46824
35826
35504
39574
19464
58802
31344
34275
30911
21922
62201
52272
28554
31850
22095
51597
7899
35482
32007
9790
40177
33006
26149
17981
52418
29603
27341
22915
34439
15391
62950
31466
50775
35621
24063
85819
35066
34728
39577
25060
72845
21077
28599
52814
38097
64710
77148
32923
31054
54023
37784
24793
59414
38203
23577
44439
87347
24640
41085
26880
46537
55318
46913
59908
30748
57025
89712
36926
50042
28885
38357
50051
61282
79848
8021
36216
31359
75131
43796
49333
19955
79135
52065
81104
29211
48793
60729
22797
52062
52629
60922
69606
30215
24576
32040
34571
79362
30639
5631
38210
44660
77824
66991
62788
33465
57030
88715
56113
96335
29645
35698
65899
77488
67066
22502
23130
27386
84401
27793
34346
33880
53240
99200
38894
10712
27436
38760
40862
34986
47341
53108
28011
43942
62099
73168
64473
56501
41075
44332
23917
23673
49691
52729
39460
42645
67759
49373
88188
52003
79502
68089
55758
66820
56856
49938
55253
54288
32361
44623
23979
40348
51237
19031
34956
62369
79103
29763
24954
68807
85761
58477
35725
37684
34528
28703
42845
32636
35954
18620
25081
45175
46601
50035
50871
51398
74793
31332
35383
52563
51726
68812
83171
30783
63468
57861
36151
86549
27382
79676
51313
68337
68223
47994
66125
89524
43617
89075
28505
34465
36296
27389
62389
69392
65864
55075
34635
28120
57788
43968
72438
56468
35707
25970
53537
41705
58268
83669
39834
47370
83694
62961
58607
30598
54039
78843
56634
51796
37935
49015
89492
59715
98572
31798
32047
78585
62016
69720
59400
66068
50423
59061
76531
67021
41978
64673
28200
71287
27076
30545
59060
46055
35807
65858
42730
33740
65057
52109
21219
30073
27914
59725
36864
50833
39606
60475
63204
38569
62450
47624
48679
74376
50511
46009
36999
43517
81254
57605
59097
41230
43761
82906
34758
29528
54976
64208
35073
59885
89257
57965
70912
55978
38311
21363
47060
47140
61231
38978
59697
42424
52144
26632
25285
32329
53135
33806
85529
48879
62544
26229
41875
85069
43464
75817
32936
63442
40794
30901
4507
33111
26110
32881
87208
56911
74040
34756
41056
63635
32619
63619
28891
42225
84421
16231
40109
39405
47876
52339
50641
61555
33453
32477
59660
21542
4375
3644
33819
46650
37378
50600
25966
40822
54077
36980
24605
27489
36163
41754
23962
36333
39269
25687
29445
37542
21759
29561
36334
22467
22660
43413
70136
55638
35440
55236
26333
66079
42039
37210
72038
64179
69811
28306
31610
57646
17967
42025
26631
24601
50082
27294
68657
51877
26260
76315
23376
52682
33757
20986
52630
53551
76010
33920
30490
32416
44816
63305
42379
17156
10851
38876
23115
32625
29816
14235
36119
29343
44829
22981
25227
44100
31849
65031
29228
29794
52672
28402
31658
31652
16416
46905
22421
20056
24424
14831
46199
36578
61373
40284
26865
83832
52329
32511
16715
35872
64431
35321
58400
39343
29767
43806
40957
27290
32070
50468
58470
82866
63344
55393
68816
56232
43144
40324
63361
30017
22849
86144
62770
81974
27624
35498
69456
38231
37534
64651
49479
71840
49808
59709
32321
56816
80274
51661
60956
78587
29045
47435
31630
79136
38014
33079
71767
26930
90356
33596
41233
50762
40863
35484
35489
34407
61789
49279
69026
51616
64581
76100
73927
50254
31701
15400
56777
87971
76586
38956
37898
29762
49680
35733
42052
39010
32844
40848
68555
30797
73567
40200
50583
16254
37492
25614
46198
90136
70232
38475
64784
41324
55864
53600
74236
53108
50625
79980
50197
57607
31642
70086
42725
24857
61278
32296
35799
67530
55826
82667
29032
42302
87620
60565
79176
50710
26866
93123
24530
28615
27634
71732
47603
80605
59296
83462
40045
34602
84758
59970
58131
35937
46432
39048
33258
39642
88617
63102
52362
24005
34453
34533
30169
51707
40479
26588
18432
47896
71215
36072
28244
50105
38411
49881
44282
81370
52263
49623
73344
44948
56963
56306
45024
71766
58691
58288
42761
50375
62624
33529
78245
52087
58267
62217
47728
55667
59521
52489
30743
24657
9795
40509
28669
36834
32739
47329
58073
37882
30488
85412
64171
41649
32412
16231
44613
44830
47302
39249
53647
36258
25837
50018
65107
52149
55477
80346
83323
36980
35185
84305
67878
69629
59992
40949
73709
46952
77844
57553
80988
41377
37666
76806
35932
31642
40948
54100
43700
36819
76299
35976
28229
33320
43822
35366
43817
25690
59087
58821
81800
29479
88784
65239
49459
46848
34490
56805
27194
57543
53511
63285
40946
55185
66956
45834
60220
63272
36256
32470
29747
41905
47108
17987
23938
51659
50873
35943
12571
8842
27419
9605
73034
38964
75773
39351
39340
85056
44961
38375
35635
29730
85811
81510
35625
37812
30423
77871
72260
35743
30167
27411
32924
28792
19108
38974
24554
39850
5883
29605
34075
26156
81338
60170
41081
82703
28769
36563
85552
29067
53654
51391
38018
87677
19499
65592
32384
30355
74980
58612
71065
36754
41936
64801
30179
71668
62279
52237
72998
21001
42916
42498
42980
84759
61519
85777
70999
34662
45964
30376
66895
69268
57096
57833
43397
16916
39137
85780
88041
34518
83069
21059
34627
70458
76765
20755
27589
70801
47776
57457
84361
58028
44755
75249
36244
46053
23548
20534
42224
56943
50931
82475
26968
19050
55607
26883
41136
33187
45592
82917
21530
62027
54974
53714
90405
39135
32800
46866
44460
55579
42578
61049
48915
46185
76745
32930
57370
42429
34737
71549
29100
40551
39538
46091
24979
49135
32538
22002
10671
36454
38885
21985
14704
37271
40873
55747
77306
38209
52534
78123
87384
58039
33817
30547
39577
72253
31240
44189
12045
36443
29032
28397
39934
34531
22719
67328
55034
70317
54563
48130
67603
54652
26091
43491
29081
56791
38095
51001
54619
19574
36320
75104
48103
55620
38067
46959
57606
29335
29668
37847
38727
75404
52516
37678
49563
8505
58479
4873
56948
19677
23180
69868
31970
46189
47197
29602
71916
33794
34708
46053
23797
76331
78342
35630
31167
31191
31216
31189
31155
31105
16741
31132
31099
31103
