1.35724
14.536774193548387
17.008709677419354
20.86193548387097
7.172258064516129
15.925806451612903
9.53225806451613
15.41741935483871
6.493870967741936
14.706451612903226
5.422258064516129
14.86483870967742
5.077741935483871
11.695483870967742
9.95483870967742
11.528064516129032
5.103548387096774
11.695483870967742
12.951935483870967
14.890645161290323
20.764193548387098
9.715806451612902
12.370645161290323
14.889032258064516
6.111290322580645
11.695483870967742
9.465806451612902
11.695483870967742
17.960645161290323
9.078387096774193
11.695483870967742
17.033548387096776
7.400322580645161
11.695483870967742
12.120967741935484
11.097741935483871
21.003548387096775
16.22258064516129
4.92516129032258
12.887741935483872
2.6193548387096772
10.781935483870967
10.541612903225806
13.865806451612903
5.886451612903226
10.1
14.768064516129032
8.296774193548387
11.50741935483871
4.6412903225806454
10.206129032258065
4.305483870967742
5.566451612903226
5.448709677419354
15.288709677419355
5.908709677419355
9.591935483870968
5.36483870967742
4.4883870967741935
4.333225806451613
11.467419354838709
9.370645161290323
10.163870967741936
5.5609677419354835
13.439032258064517
10.097096774193549
6.800645161290323
1.6612903225806452
21.079354838709676
13.781290322580645
3.048709677419355
17.483225806451614
1.592258064516129
9.32
4.547096774193548
7.5119354838709675
13.19483870967742
16.217741935483872
1.173225806451613
1.173225806451613
9.812903225806451
1.1329032258064515
8.679677419354839
7.467096774193548
2.9125806451612903
6.228387096774194
10.847741935483871
9.786451612903226
8.200322580645162
13.163870967741936
12.364516129032259
15.995161290322581
11.884516129032258
8.048387096774194
11.14516129032258
2.92258064516129
11.431935483870967
10.281612903225806
4.724193548387097
14.903870967741936
3.9096774193548387
5.964838709677419
3.9616129032258063
14.517096774193549
9.04741935483871
13.913225806451614
9.6
9.230967741935483
3.6583870967741934
9.52741935483871
8.535483870967742
3.5851612903225805
4.540967741935484
16.892580645161292
8.091612903225807
13.946774193548388
11.010645161290322
13.89225806451613
13.03
4.861612903225806
12.403548387096775
11.537096774193548
13.53741935483871
1.13054
1.13054
11.0
16.075806451612902
10.620645161290323
7.30516129032258
1.1313
1.1313
1.1313
1.13172
11.884193548387097
12.077741935483871
11.152903225806451
1.12598
15.959677419354838
3.956774193548387
4.490967741935484
1.2182
9.095161290322581
5.8912903225806454
1.10036
12.05258064516129
4.892258064516129
14.279677419354838
14.79774193548387
18.80258064516129
16.25258064516129
7.066129032258065
7.808387096774194
9.318064516129033
15.364516129032259
14.31258064516129
14.958709677419355
8.523870967741935
2.297741935483871
9.089354838709678
18.003870967741936
5.030967741935484
4.038387096774193
8.620967741935484
8.212903225806452
13.762903225806452
1.08882
9.299354838709677
3.474516129032258
14.183225806451613
5.833870967741936
1.08774
10.646774193548387
3.0074193548387096
13.238709677419354
6.323225806451613
14.228709677419355
1.09334
10.456129032258065
13.092903225806452
10.931612903225806
11.998709677419354
5.6970967741935485
15.51741935483871
4.826774193548387
4.964838709677419
9.50741935483871
1.0962
10.45516129032258
14.234838709677419
0.85216
0.85216
8.892903225806451
10.277096774193549
13.351935483870967
0.85386
13.702903225806452
8.54
24.90741935483871
0.85338
4.654516129032258
9.088064516129032
0.7736
10.318064516129033
13.911612903225807
15.756129032258064
4.749677419354839
2.5170967741935484
2.2296774193548385
0.7593
10.309354838709677
5.52258064516129
5.462580645161291
11.456774193548387
14.662903225806451
7.629354838709677
14.299677419354838
4.695806451612904
9.782580645161291
16.41548387096774
6.274838709677419
3.777096774193548
2.769032258064516
1.00208
4.901290322580645
1.00208
1.01604
4.865161290322581
3.015483870967742
10.105483870967742
4.2290322580645165
4.563548387096774
5.806774193548387
5.8180645161290325
3.3838709677419354
0.9381
18.607419354838708
7.043225806451613
10.435806451612903
0.93836
15.434516129032257
6.25741935483871
2.434516129032258
0.86012
11.142903225806451
0.86012
0.86012
4.48258064516129
5.744193548387097
7.448064516129032
9.362903225806452
7.730322580645161
7.8674193548387095
14.87741935483871
8.664193548387097
8.83290322580645
4.330322580645161
13.583225806451614
10.693870967741935
8.230967741935483
16.05032258064516
4.339677419354839
11.918709677419354
1.12806
3.2070967741935483
8.93741935483871
6.9793548387096775
1.12806
1.12806
19.358709677419355
1.12806
8.92
1.11416
10.07741935483871
4.894193548387097
5.216129032258064
1.10096
7.2703225806451615
4.265483870967742
6.444193548387097
0.98756
3.6693548387096775
1.0018
17.523225806451613
14.286129032258064
12.683225806451613
17.037096774193547
10.286451612903226
13.40516129032258
0.70874
6.4880645161290325
10.200645161290323
11.43741935483871
8.909032258064515
5.0119354838709675
0.70896
0.93632
9.861290322580645
9.359354838709677
9.262258064516129
2.6870967741935483
6.360645161290322
6.952903225806452
11.78483870967742
2.9338709677419357
1.8690322580645162
0.82812
0.82812
0.82812
13.467096774193548
7.228064516129033
12.998387096774193
3.871290322580645
0.82894
6.1970967741935485
0.82888
19.29774193548387
4.478064516129033
8.849677419354839
4.176129032258064
0.9405
0.94034
6.53258064516129
1.0734
1.0737
10.02032258064516
9.06967741935484
10.831290322580646
4.137741935483871
1.25006
12.133225806451613
1.915483870967742
16.161935483870966
12.07
14.413225806451614
9.987096774193548
5.4638709677419355
6.256774193548387
12.266129032258064
8.075483870967743
0.91476
12.931290322580645
0.91392
20.624193548387098
2.054516129032258
0.91438
13.791290322580645
4.683225806451613
0.91438
6.109032258064516
5.491935483870968
0.90888
0.90888
0.90888
3.029032258064516
20.413870967741936
11.45774193548387
12.071612903225807
14.25290322580645
2.774516129032258
4.922903225806452
13.888709677419355
9.686774193548388
0.91248
8.873870967741935
4.601290322580645
0.9192
6.327419354838709
12.26258064516129
1.01284
8.450645161290323
2.618709677419355
7.180645161290323
9.25290322580645
8.130967741935484
1.1269
4.888064516129032
19.12290322580645
9.778709677419355
8.863548387096774
3.6996774193548387
3.2406451612903227
10.16709677419355
18.3
3.3209677419354837
6.43
1.04008
4.044838709677419
18.850967741935484
4.824193548387097
0.79826
8.638387096774194
5.349032258064516
18.49774193548387
3.681290322580645
0.79938
6.554838709677419
0.8047
12.95
14.21225806451613
4.986774193548387
11.154838709677419
12.303225806451612
5.808064516129032
13.335483870967742
6.8587096774193546
1.0255
24.34709677419355
16.573870967741936
1.02496
6.171612903225807
1.02496
16.626774193548385
1.02496
10.40741935483871
1.03218
1.03406
9.814838709677419
1.03406
13.426451612903225
11.657096774193548
0.89294
9.850967741935484
1.12816
18.732580645161292
10.668387096774193
10.254516129032258
10.047096774193548
1.13234
1.13236
5.958064516129032
5.77741935483871
12.906129032258065
7.073548387096774
16.698064516129033
1.12154
7.198709677419354
8.917741935483871
14.779354838709677
8.939677419354839
1.03508
1.0348
7.2138709677419355
5.452258064516129
1.0322
14.084193548387097
1.0327
12.092258064516129
10.282580645161291
17.849354838709676
1.03088
1.03088
7.597096774193548
1.03766
7.082903225806452
3.758709677419355
7.794516129032258
17.75225806451613
10.677096774193549
6.196129032258065
4.820967741935484
8.656451612903226
1.11206
5.0687096774193545
3.642258064516129
7.997419354838709
7.739354838709677
4.43
8.82258064516129
1.11796
4.464516129032258
1.11096
4.583548387096775
8.12774193548387
1.0272
0.92172
5.325161290322581
9.581290322580646
6.260645161290323
11.587741935483871
9.766774193548388
5.893548387096774
14.081612903225807
0.8438
14.428709677419354
0.82746
4.401612903225806
0.7466
14.266774193548388
8.738709677419354
0.83476
0.83848
0.94388
0.94474
7.438709677419355
4.280967741935484
4.845806451612903
8.330645161290322
8.577741935483871
8.528064516129032
1.03586
7.17741935483871
13.438064516129032
1.01922
6.521612903225806
4.615806451612904
1.0231
5.9067741935483875
14.131290322580645
18.32548387096774
9.673870967741935
9.171612903225807
10.174193548387096
10.990967741935483
9.118387096774194
1.03246
1.1772
1.17794
11.283225806451613
6.228064516129033
1.1793
1.1793
1.1755
6.839677419354839
9.913548387096775
13.508064516129032
15.899032258064516
1.0704
8.022580645161291
13.487096774193548
0.92322
4.022903225806451
7.373548387096775
0.92248
5.442258064516129
0.92434
0.9223
0.92072
6.30741935483871
0.9185
11.318709677419355
3.2680645161290323
10.423870967741935
0.74624
4.294838709677419
0.92162
1.20828
1.20828
7.599032258064516
5.860967741935484
3.4093548387096773
14.530645161290323
1.1297
14.733225806451612
5.209677419354839
1.12724
7.534516129032258
0.81384
9.853870967741935
13.909354838709678
3.887741935483871
0.83356
14.708064516129033
9.426129032258064
0.8307
5.371612903225807
0.83106
10.691290322580645
0.83076
0.74482
9.32
11.697096774193549
9.958709677419355
6.5522580645161295
8.898709677419355
5.77258064516129
1.04708
1.04656
0.8115
3.7216129032258065
15.80516129032258
7.859677419354838
10.309032258064516
4.396451612903226
1.04504
1.04504
6.481935483870968
0.7364516129032258
5.162903225806452
0.789
0.78922
0.78918
5.501612903225807
0.78898
11.108064516129032
14.142903225806451
14.77774193548387
17.543548387096774
0.79626
3.992258064516129
0.74468
21.538064516129033
0.9729032258064516
6.043225806451613
0.9729032258064516
8.208387096774194
0.9729032258064516
2.888709677419355
14.920967741935485
0.9729032258064516
27.003870967741936
5.336451612903226
5.523548387096774
1.28446
12.444516129032259
1.28442
1.284
1.284
17.386129032258065
6.448064516129032
7.741290322580645
7.597096774193548
1.0763
10.408387096774193
1.0758
1.0758
17.925806451612903
17.41709677419355
9.854193548387096
18.15258064516129
17.813225806451612
0.9729032258064516
10.176774193548388
0.9729032258064516
5.501612903225807
13.090645161290322
10.880967741935484
0.9729032258064516
1.12204
1.11884
8.164838709677419
1.12436
13.407741935483871
1.2448387096774194
1.2448387096774194
1.2448387096774194
1.11678
1.11678
4.378387096774193
7.319032258064516
1.10996
1.11556
1.1212
12.080645161290322
1.12196
19.732580645161292
1.00834
4.263548387096774
1.00586
8.606129032258064
1.0959
1.0959
0.9464516129032258
2.704516129032258
1.0912
1.08964
19.580645161290324
4.376451612903225
8.216774193548387
11.35774193548387
12.058387096774194
1.01208
12.14
11.190967741935484
1.21878
13.07741935483871
0.9690322580645161
0.9741935483870968
0.9741935483870968
16.343870967741935
20.301290322580645
0.9741935483870968
11.261290322580646
0.9741935483870968
18.72225806451613
16.838064516129034
1.09746
10.713225806451613
0.9741935483870968
10.895483870967741
18.196774193548386
0.92958
0.9741935483870968
15.489354838709678
8.016774193548388
11.548064516129033
0.9741935483870968
1.11464
1.10912
8.657741935483871
1.1098
14.250967741935483
10.835806451612903
1.32804
10.624193548387098
1.20842
6.290322580645161
1.21158
1.21652
7.377096774193548
4.168709677419355
24.223870967741934
13.26741935483871
13.65741935483871
1.32018
10.759354838709678
1.20728
1.2066
12.249677419354839
0.9729032258064516
3.4393548387096775
10.27741935483871
1.0011
16.456774193548387
0.99636
10.39967741935484
0.9722580645161291
0.9722580645161291
9.213870967741936
18.322903225806453
1.2441935483870967
6.868387096774193
1.2441935483870967
24.65258064516129
10.391290322580645
1.2441935483870967
12.93
9.13
11.241290322580646
16.068387096774195
1.2783870967741935
9.69516129032258
2.6574193548387095
1.0064516129032257
15.388709677419355
0.9722580645161291
0.9722580645161291
0.9458064516129032
0.9458064516129032
0.9458064516129032
0.9722580645161291
0.9722580645161291
19.10483870967742
20.135806451612904
10.398709677419355
0.9729032258064516
0.9729032258064516
0.9729032258064516
0.9729032258064516
0.9729032258064516
13.938064516129032
0.9729032258064516
0.9729032258064516
10.328387096774193
8.289032258064516
1.07654
1.08206
10.339677419354839
1.17798
1.18374
8.264193548387096
0.9729032258064516
11.21
10.897419354838709
1.1181
5.966129032258064
12.06
18.443548387096776
14.756774193548386
4.119354838709677
0.9921
0.9921
0.99586
0.99586
6.848709677419355
1.02314
6.964516129032258
16.822903225806453
8.77032258064516
1.02744
18.191290322580645
9.243548387096775
18.7441935483871
12.101290322580645
8.805806451612904
1.019
4.44
1.02192
1.02204
1.02204
16.221290322580646
8.593870967741935
1.29842
1.29836
1.29756
21.879677419354838
1.2975
1.2975
1.28494
1.18344
5.700967741935484
1.2021
4.53
4.53
4.53
4.53
4.53
4.6170967741935485
18.46516129032258
13.70774193548387
4.6170967741935485
23.189354838709676
26.16483870967742
4.609032258064516
4.609032258064516
4.583548387096775
4.583548387096775
10.429032258064517
7.710967741935484
4.583548387096775
4.574516129032258
16.7441935483871
4.574516129032258
1.34054
1.58262
11.368709677419355
1.35746
1.35806
19.004516129032258
9.60741935483871
1.36354
19.03483870967742
1.36416
1.36612
11.388709677419355
14.94741935483871
1.365
1.24304
1.24304
1.22992
15.428709677419354
1.1606451612903226
1.1606451612903226
1.1606451612903226
16.919354838709676
1.1612903225806452
12.060322580645161
1.1606451612903226
4.233548387096774
1.19662
1.1606451612903226
9.64258064516129
11.63483870967742
1.1606451612903226
1.1606451612903226
1.1606451612903226
1.1606451612903226
9.289354838709677
1.1606451612903226
16.398387096774194
1.1606451612903226
11.958387096774194
9.962903225806452
11.62
10.02741935483871
11.144516129032258
1.1587096774193548
22.07741935483871
10.879677419354838
1.30056
9.69774193548387
12.925483870967742
20.703870967741935
1.30086
21.982580645161292
13.866774193548387
1.155483870967742
6.6570967741935485
18.864838709677418
1.155483870967742
1.1574193548387097
6.026774193548387
1.1574193548387097
1.157741935483871
1.157741935483871
1.157741935483871
17.254516129032258
11.95516129032258
1.1558064516129032
17.440645161290323
1.1558064516129032
1.1535483870967742
11.220967741935484
16.12709677419355
1.1564516129032258
5.613225806451613
4.4154838709677415
1.1593548387096775
1.1593548387096775
1.1596774193548387
1.15766
1.1581
1.44684
1.5628
20.21451612903226
4.227096774193549
1.5747
1.36422
6.317096774193549
1.36098
12.578064516129032
13.299677419354838
16.153548387096773
4.465806451612903
0.94008
9.113548387096774
1.14752
1.14846
4.962258064516129
1.4958064516129033
1.4958064516129033
8.203225806451613
1.43898
1.376774193548387
9.736129032258065
1.04426
14.834516129032258
1.04044
7.4393548387096775
1.03566
4.175806451612903
11.394838709677419
10.839677419354839
4.176451612903226
4.627741935483871
5.613870967741936
4.714838709677419
4.72
9.761935483870968
4.4558064516129035
1.1258064516129032
7.525806451612903
1.1261290322580646
1.1251612903225807
1.1603225806451614
1.1348387096774193
1.1348387096774193
1.1329032258064515
1.097741935483871
1.15708
1.15946
1.245483870967742
12.559032258064516
1.2464516129032257
1.2461290322580645
1.2470967741935484
1.2467741935483871
1.2448387096774194
1.2461290322580645
1.2445161290322582
1.2183870967741937
12.654516129032258
9.410645161290322
1.2438709677419355
1.125483870967742
1.126774193548387
3.4416129032258063
1.04582
1.04474
1.04294
14.739032258064515
13.668064516129032
19.760322580645163
13.113548387096774
1.1480645161290322
1.1480645161290322
7.832580645161291
1.100967741935484
1.0538709677419356
1.0538709677419356
16.22258064516129
1.1419354838709677
1.1425806451612903
9.44516129032258
1.1429032258064515
15.11
1.1429032258064515
11.805806451612904
4.473548387096774
19.18741935483871
4.444516129032258
4.424193548387096
4.406451612903226
11.647741935483872
4.4074193548387095
7.574516129032258
3.5216129032258063
1.3295
1.31834
1.31388
1.19214
2.7312903225806453
0.9842
4.0035483870967745
1.21146
0.9914
15.423548387096774
22.10290322580645
0.9961
20.22
1.353225806451613
1.3548387096774193
19.275483870967744
1.353225806451613
14.509354838709678
1.49482
8.79225806451613
1.48942
1.48984
1.48898
1.48384
1.49048
1.49032
1.49062
1.48748
4.450322580645161
4.361935483870968
12.881612903225806
4.259354838709678
5.857096774193549
3.5193548387096776
4.338387096774194
4.816774193548387
4.816774193548387
4.80516129032258
5.157741935483871
4.354193548387097
4.354193548387097
4.353870967741935
4.354516129032258
1.05156
1.05128
8.533870967741935
1.04466
10.46516129032258
10.91
1.15822
1.1582
1.15838
9.148064516129033
1.13028
1.01022
1.0074
1.12438
1.12502
1.12618
1.12566
1.0665
1.05494
0.9725806451612903
3.7193548387096773
1.29144
1.41314
5.930967741935484
1.22308
1.2163
1.21802
8.245161290322581
16.940322580645162
1.2288
1.22036
1.22038
11.825483870967743
10.18
1.09998
1.117741935483871
19.838709677419356
1.10096
1.10094
1.0961
12.611935483870967
1.2790322580645161
1.37408
1.3722
1.37228
1.38558
9.862903225806452
1.37646
1.37642
1.36966
14.047096774193548
1.0906451612903225
1.1
9.581612903225807
0.9780645161290322
0.9780645161290322
0.9790322580645161
7.6816129032258065
1.0029032258064516
1.092258064516129
3.825806451612903
1.1193548387096774
1.1209677419354838
1.1206451612903225
1.1206451612903225
1.1196774193548387
1.19226
17.413548387096775
1.21414
1.19646
1.19982
15.14258064516129
6.296129032258064
1.06608
17.551612903225806
1.19344
1.19226
9.234516129032258
11.38967741935484
1.0183870967741935
22.371290322580645
1.0190322580645161
1.0190322580645161
1.25168
1.2515
1.3823
1.37554
1.37554
1.37554
1.37408
3.7283870967741937
1.4931
1.62146
1.62152
1.61974
8.442258064516128
1.49634
1.19442
11.023548387096774
9.495161290322581
1.19422
21.080322580645163
1.07492
1.07956
19.13258064516129
1.0854
1.07578
17.94516129032258
1.07638
11.48741935483871
4.17516129032258
4.530967741935484
4.596451612903226
4.606451612903226
17.90774193548387
4.604516129032258
4.717741935483871
19.526451612903227
4.643225806451613
4.643225806451613
4.331935483870968
4.331935483870968
4.331935483870968
6.390645161290323
4.330322580645161
4.340645161290323
4.340322580645161
4.416129032258064
4.416129032258064
4.416129032258064
4.416129032258064
1.07128
10.78
1.0154838709677418
1.0170967741935484
11.35741935483871
1.0167741935483872
16.425806451612903
8.168387096774193
1.06884
1.0669
1.06198
1.27426
1.27426
1.044516129032258
1.2594
1.2594
1.2594
7.9712903225806455
1.25824
1.25824
9.21258064516129
1.314
1.31324
1.29862
1.30012
1.29828
1.2991
4.633870967741935
4.633548387096774
4.6245161290322585
4.498064516129032
4.518064516129032
18.24225806451613
13.387741935483872
4.4558064516129035
21.083548387096773
6.587741935483871
4.433225806451613
4.424193548387096
4.529032258064516
1.53772
1.54534
1.54718
10.98225806451613
1.2825806451612902
1.263548387096774
17.568387096774195
1.14928
1.14914
1.14784
1.14784
1.1395
1.13948
1.13934
1.13638
1.13638
1.12238
15.810322580645161
1.12252
12.250967741935483
14.803870967741936
1.12554
1.12584
1.12176
1.12178
1.12052
1.12024
1.1202
1.1202
8.311935483870968
1.11956
1.12136
1.12254
1.12166
1.12164
27.815483870967743
11.985806451612904
1.12052
1.3371
1.33714
10.36516129032258
1.3342
15.529677419354838
1.20738
9.245806451612903
1.20622
1.203
1.20328
1.07026
1.07064
25.40516129032258
1.07182
1.07596
1.20632
1.20632
1.20632
13.007096774193549
1.33154
1.33154
1.331
1.33344
9.282580645161291
13.14967741935484
1.00346
17.550645161290323
1.156774193548387
1.156774193548387
1.16
4.4238709677419354
4.422258064516129
4.688387096774194
4.6896774193548385
4.324516129032258
4.774838709677419
4.774838709677419
1.2629032258064516
1.25362
1.12266
11.438064516129032
1.12588
1.12458
1.12414
1.12282
1.00364
1.30542
1.17506
10.597741935483871
1.1923
22.589354838709678
1.04862
20.233225806451614
1.04458
13.200645161290323
11.052903225806451
1.4012903225806452
1.4012903225806452
1.05378
1.17806
1.1825
1.18252
1.18252
1.1851
1.19636
1.19686
1.46686
1.46686
1.46672
1.45182
1.45182
1.44598
17.786129032258064
1.09704
1.09714
1.3149
1.3149
1.272258064516129
1.2729032258064517
1.2629032258064516
1.2629032258064516
1.29334
1.4265
18.743548387096773
15.349032258064517
1.23394
1.2453
4.414193548387097
11.106129032258064
7.574193548387097
4.4154838709677415
4.413225806451613
4.410322580645161
4.429032258064516
4.725161290322581
4.476129032258065
4.474193548387097
4.474193548387097
4.494516129032258
17.99483870967742
1.06424
1.06424
1.06502
1.06478
1.30378
1.30256
1.30076
1.30076
1.43174
10.112258064516128
1.43174
1.16632
23.004516129032258
18.953548387096774
1.16196
1.16296
1.11296
1.1017
4.465806451612903
1.23236
9.550967741935484
1.00312
1.00312
1.00404
1.18604
1.18686
1.18634
1.18616
1.18436
11.432903225806452
1.18446
1.18446
1.18434
7.567096774193549
1.13848
1.1373
1.09316
1.3438709677419354
1.3438709677419354
19.69322580645161
1.13304
1.13102
1.37206
1.3721
1.3652
1.36544
19.134193548387096
1.37558
1.37304
14.539032258064516
1.37852
1.37852
1.37852
1.37972
13.350967741935484
4.799032258064516
17.993548387096773
4.965483870967742
4.934193548387097
13.180645161290322
1.69244
19.727096774193548
1.68506
11.583870967741936
4.983548387096774
12.558387096774194
1.16528
1.16162
1.15978
1.42002
11.317741935483872
1.42002
1.81022
12.929677419354839
2.05994
1.80322
14.22516129032258
1.78092
1.58542
1.58224
1.58224
13.816129032258065
1.5882
1.58678
1.45826
1.2047
1.20336
1.20954
11.285483870967742
1.71134
9.92
1.45544
1.61506
1.36288
1.36624
1.55814
1.35432
1.36154
1.2245161290322581
1.2245161290322581
1.21036
1.45158
1.70862
1.31684
1.314516129032258
1.314516129032258
1.314516129032258
1.3141935483870968
1.3138709677419356
1.35904
1.36524
1.36722
1.1361290322580646
1.1370967741935485
1.37938
1.38384
1.38514
1.3862
1.28858
1.29014
1.29122
1.28924
1.28794
1.4405
1.4302
1.47974
1.7943
1.439
1.74162
1.7418
1.48078
1.27868
1.27892
1.3751612903225807
1.3438709677419354
1.3680645161290323
1.2858064516129033
1.3448387096774193
1.3448387096774193
1.3448387096774193
1.3416129032258064
1.35576
1.36008
1.35548
1.3167741935483872
1.3167741935483872
1.399032258064516
1.399032258064516
1.3164516129032258
1.3151612903225807
1.314516129032258
1.314516129032258
1.3148387096774194
11.80516129032258
1.2783870967741935
1.2851612903225806
1.2848387096774194
1.2764516129032257
1.2783870967741935
1.2783870967741935
1.2761290322580645
1.284516129032258
1.24272
1.24272
1.24272
1.1661290322580644
1.2106
1.21592
1.21384
1.26462
1.46984
1.21646
1.2118
1.21578
1.21578
1.22298
10.316774193548387
2.7174193548387096
2.726774193548387
2.724838709677419
2.676774193548387
1.20856
1.46126
1.46814
15.379032258064516
1.47562
1.22362
1.22504
1.2169
1.21814
1.2149
1.21364
9.926129032258064
1.23078
1.45844
12.365806451612903
1.45634
1.40614
1.40942
1.40958
1.40628
1.249
13.047096774193548
1.25112
1.24836
1.2493
1.5027
1.50218
1.523548387096774
1.2566
1.17546
1.17526
1.18284
1.3823
1.38458
1.3861
1.38754
1.13604
1.1306451612903226
1.13062
1.13062
1.13606
1.37918
1.37918
1.38078
1.37938
1.17668
1.30316
16.926451612903225
1.30004
1.30004
1.18106
14.928387096774193
1.1870967741935483
1.1896774193548387
1.28588
1.29228
1.3093548387096774
1.4925806451612904
1.4925806451612904
1.4925806451612904
1.4925806451612904
18.12709677419355
1.6658064516129032
1.2574193548387096
1.1822580645161291
1.2819354838709678
1.4144
1.395
1.2825806451612902
1.283548387096774
1.303
1.307
1.307
1.306
1.30328
1.30206
1.189032258064516
1.14988
1.1874193548387098
1.1874193548387098
1.40034
1.39168
1.39168
1.38962
1.3862
1.3862
1.3862
1.38394
1.38464
1.4064516129032258
1.7967741935483872
15.869677419354838
1.6480645161290322
19.428387096774195
1.8003225806451613
1.4116129032258065
1.2806451612903227
1.2816129032258063
1.2832258064516129
11.497741935483871
1.3153
1.3541935483870968
1.38236
1.38236
1.375
1.37496
1.38612
1.38338
1.26008
1.49412
1.4938
1.2609677419354839
1.25712
1.25522
1.3170967741935484
1.3293548387096774
1.3277419354838709
1.344516129032258
1.2505
1.23036
1.23458
1.23338
1.2974193548387096
1.25122
1.25242
1.25242
1.49324
1.494
1.49328
8.69032258064516
8.692903225806452
1.2454
1.23684
1.41822
1.42122
1.43466
1.19134
1.3135483870967741
1.3135483870967741
1.2790322580645161
1.2806451612903227
12.855483870967742
14.370645161290323
13.65
2.908709677419355
2.9264516129032256
2.850967741935484
2.9783870967741937
2.85
2.8483870967741933
8.898387096774194
2.8096774193548386
1.29342
1.2923
1.29818
1.2023
1.20008
1.2018
1.2018
1.20332
1.3847
1.3868
1.62032
1.38036
1.37564
1.16924
1.17104
1.41642
1.41642
11.993870967741936
1.18854
1.255
16.435806451612905
1.2564
1.25268
1.25354
1.25168
1.25042
12.394838709677419
1.24684
1.1954
1.19352
1.20282
1.206
1.206
1.20528
1.20188
1.2097
1.20376
1.2087
1.2551612903225806
1.2929032258064517
1.2916129032258064
1.2519354838709678
1.252258064516129
1.251290322580645
1.20926
1.2101
2.8645161290322583
2.8645161290322583
2.8616129032258066
2.8603225806451613
2.8603225806451613
2.8603225806451613
3.210967741935484
3.287741935483871
3.325483870967742
3.325483870967742
3.233225806451613
3.233225806451613
1.495483870967742
1.495483870967742
1.4203225806451614
1.3125806451612902
13.95225806451613
9.523225806451613
1.3158064516129033
1.3148387096774194
1.3148387096774194
1.3158064516129033
1.4074193548387097
1.4425806451612904
1.4445161290322581
1.3690322580645162
1.367741935483871
8.525483870967742
1.350967741935484
1.20868
2.900645161290323
2.86
2.8793548387096775
7.105483870967742
2.7870967741935484
2.7470967741935484
2.744838709677419
2.7461290322580645
2.745806451612903
2.824193548387097
2.824193548387097
2.8103225806451615
1.288709677419355
1.288709677419355
1.211
1.40682
1.4097
1.4071
1.4071
14.735483870967743
1.4142
1.41232
1.41308
1.41308
1.41286
1.41286
1.41002
1.41136
1.41256
1.4087
2.825806451612903
2.734193548387097
3.104516129032258
2.9174193548387097
2.9070967741935485
2.8880645161290324
2.694516129032258
2.702903225806452
2.8906451612903226
1.15418
18.373548387096776
1.197741935483871
1.53312
1.2132258064516128
11.48225806451613
2.8403225806451613
2.7529032258064516
2.7493548387096776
2.7493548387096776
2.7687096774193547
2.918709677419355
3.0519354838709676
9.136129032258065
24.04806451612903
2.970967741935484
15.996451612903225
1.34206
1.34084
1.226451612903226
2.9725806451612904
2.8816129032258067
3.181290322580645
3.181290322580645
3.157741935483871
3.0796774193548386
3.089032258064516
1.3458064516129031
1.347
1.2983870967741935
1.298709677419355
23.258387096774193
2.893548387096774
2.8958064516129034
2.8725806451612903
2.8725806451612903
2.864193548387097
2.8696774193548387
2.8696774193548387
2.8696774193548387
2.8696774193548387
2.8696774193548387
13.97967741935484
2.784838709677419
2.789032258064516
1.25444
1.25444
1.2538
15.482903225806451
20.65967741935484
2.7993548387096774
2.8483870967741933
2.843225806451613
2.843225806451613
2.843225806451613
2.9325806451612904
2.9367741935483873
21.07516129032258
14.614193548387096
3.254193548387097
3.2251612903225806
3.176774193548387
8.145483870967741
3.1774193548387095
14.690967741935484
1.2558
1.2558
1.24278
1.2433
1.24056
1.2415
1.2508
1.2508
1.1594
1.16122
9.34483870967742
1.34288
1.396774193548387
18.716451612903224
1.396774193548387
1.396774193548387
3.1374193548387095
2.704516129032258
2.704516129032258
2.705483870967742
2.7496774193548386
2.84
2.84
2.8970967741935483
2.8961290322580644
2.8970967741935483
2.8970967741935483
2.9870967741935486
1.2425806451612904
1.2551612903225806
25.69258064516129
1.254516129032258
1.15344
10.573225806451612
1.16168
1.2880645161290323
1.205483870967742
1.205483870967742
1.205483870967742
1.2045161290322581
1.1819354838709677
1.17656
1.17704
23.205806451612904
11.409032258064515
1.17674
1.17712
1.17824
1.17996
1.5316129032258063
1.5361290322580645
1.5361290322580645
1.5361290322580645
1.5474193548387096
1.5267741935483872
1.18828
1.19724
1.1965
1.19446
1.22726
1.47812
1.47812
1.47956
1.47956
1.47934
1.48006
2.8245161290322582
17.044838709677418
10.115806451612903
3.1183870967741933
2.804516129032258
15.498709677419354
2.7593548387096773
2.9587096774193546
2.958064516129032
2.9496774193548387
2.9496774193548387
2.9496774193548387
2.948709677419355
1.3678
1.36832
1.36904
1.36934
1.17342
1.17102
1.17264
1.17264
1.1642
1.16076
1.16012
1.1578
1.1578
1.161
1.16022
1.16338
1.16338
1.16454
1.1642
1.1682
1.16596
1.16484
1.4787096774193549
24.02032258064516
23.330967741935485
1.4493548387096775
1.4493548387096775
1.5925806451612903
20.141935483870967
1.570967741935484
1.5725806451612903
9.086129032258064
1.5696774193548386
1.5664516129032258
1.22848
1.22848
1.26952
11.137096774193548
1.25782
20.164516129032258
1.45416
1.45416
1.45158
1.45394
1.45418
1.45434
1.547741935483871
1.547741935483871
12.22225806451613
1.5868
1.31914
1.15684
1.2421
1.6074
1.60698
1.60858
1.46224
1.4622
1.46226
1.46058
1.2293548387096773
1.2283870967741934
1.242258064516129
1.09552
1.09552
1.09618
1.09618
1.09624
1.08132
1.0809
1.0824
1.0919354838709678
1.0948387096774193
1.1103225806451613
1.08016
14.658387096774193
1.08734
1.0863
1.08626
1.4135483870967742
1.4135483870967742
1.4135483870967742
1.41
1.419032258064516
1.5041935483870967
1.5016129032258065
1.5016129032258065
1.5938709677419354
1.600967741935484
1.6006451612903225
1.6006451612903225
1.6006451612903225
3.5493548387096774
3.5493548387096774
3.5406451612903225
3.5406451612903225
3.5416129032258064
1.09244
14.617096774193548
1.09076
1.33156
1.09192
1.09348
1.09362
1.09408
1.09408
1.09408
1.09414
12.334838709677419
1.08052
1.08042
15.273870967741935
11.88967741935484
28.219677419354838
1.08628
9.522903225806452
1.08628
4.541612903225807
1.08614
1.08606
1.08596
1.08596
1.08032
1.08832
13.64258064516129
1.08664
1.08664
10.86032258064516
1.08646
1.08784
8.844193548387096
1.23484
12.203870967741935
1.23312
1.33322
11.43741935483871
1.33322
1.33344
1.3294
2.970967741935484
2.9280645161290324
2.928709677419355
2.9351612903225806
2.954516129032258
2.954516129032258
2.954516129032258
2.954516129032258
2.954516129032258
2.954516129032258
2.954516129032258
3.0616129032258064
3.0616129032258064
20.186451612903227
2.971935483870968
1.45216
1.45216
1.45198
1.45344
1.60278
1.60884
1.2433
8.421290322580646
1.24482
1.24482
1.24482
1.24482
10.079032258064515
1.24636
1.24648
1.2462
2.9725806451612904
2.8819354838709677
20.520967741935483
2.8680645161290323
2.8680645161290323
3.0083870967741935
16.208709677419353
3.082258064516129
10.698064516129032
1.2241935483870967
1.1787096774193548
1.36728
1.44306
1.60642
1.60972
1.60982
1.60982
1.46046
1.46074
1.46152
1.46146
19.120645161290323
1.2231
12.281935483870967
1.2770967741935484
8.483870967741936
12.723548387096773
1.3370967741935484
1.22926
1.22926
1.31802
1.31802
1.31838
1.32016
1.32742
1.32606
1.323
1.62388
1.31788
1.31816
1.3346
1.36306
1.36326
1.36148
12.870322580645162
1.36148
1.36148
18.516774193548386
1.27402
4.120322580645161
1.19064
22.427741935483873
1.42912
1.42662
13.329354838709678
1.42842
1.12242
20.56967741935484
2.922258064516129
1.12146
1.12272
1.10932
1.10754
1.10754
1.40748
1.40802
1.4069
1.4065
1.40568
1.40502
1.40408
1.40348
1.40446
1.40498
1.53972
1.23586
1.2361
1.54268
1.54322
1.54268
1.48626
1.18354
1.16886
1.16886
1.1672
1.16566
1.0454838709677419
1.0258064516129033
12.415483870967742
1.10252
1.10252
1.10118
1.10126
1.2638709677419355
1.2651612903225806
10.486129032258065
11.865483870967742
1.28
1.3306451612903225
1.350967741935484
5.442258064516129
16.16516129032258
2.7425806451612904
2.745483870967742
2.7461290322580645
12.696451612903227
2.8293548387096776
2.805483870967742
2.822258064516129
2.720322580645161
2.6293548387096775
2.620967741935484
2.6406451612903226
2.672258064516129
2.6638709677419357
2.664516129032258
0.98836
8.686451612903225
1.19604
1.1948
1.17296
1.01362
1.01508
1.02404
1.02218
1.0267741935483872
1.1845
1.18296
1.0461290322580645
1.0461290322580645
3.298709677419355
16.99
3.3332258064516127
1.18714
1.18712
0.99984
0.99984
0.99928
0.9993
18.428387096774195
1.16532
11.95774193548387
1.16546
1.16412
1.16224
1.1622
15.747741935483871
1.07174
1.1051612903225807
1.1051612903225807
1.1051612903225807
1.1051612903225807
2.8541935483870966
2.770967741935484
2.74
2.749032258064516
2.7380645161290325
2.647741935483871
2.6364516129032256
2.6416129032258064
2.6319354838709677
2.670967741935484
2.670967741935484
2.670967741935484
19.204516129032257
2.67
1.1627
1.277741935483871
1.1605
1.2770967741935484
1.2770967741935484
1.272258064516129
1.2764516129032257
14.306129032258065
1.2680645161290323
1.2670967741935484
1.2670967741935484
1.2670967741935484
1.2670967741935484
1.2287096774193549
1.2506451612903227
1.2464516129032257
1.2496774193548388
1.2538709677419355
1.2538709677419355
1.2941935483870968
1.205483870967742
1.2080645161290322
1.32378
1.32224
1.32938
1.43798
9.11
14.659354838709678
1.3277
1.32734
1.33336
1.16456
1.15858
1.15722
1.0312903225806451
1.0312903225806451
1.0306451612903227
1.02478
1.02506
1.03094
1.03066
1.0217
1.0217
1.03622
1.03018
1.03018
1.20388
1.07712
1.07818
1.0779
1.07786
1.06468
1.06452
1.06068
1.08426
1.0841
1.062
1.062
1.19016
10.854516129032259
1.18232
1.18232
1.18256
1.17132
1.17028
1.0567
1.05664
1.0563
1.05242
1.05002
1.05034
1.05034
1.1816129032258065
1.4351612903225806
1.0703225806451613
23.17
1.05646
1.01102
1.0094
1.02362
1.09018
1.08906
1.01244
1.0526
1.01222
1.0068
1.01768
1.0099
1.01032
1.01032
1.01034
15.656774193548387
8.033225806451613
1.012258064516129
1.01876
1.30672
1.30836
1.30836
1.3127
1.31524
1.30994
1.31868
1.0370967741935484
1.0370967741935484
1.0370967741935484
16.561290322580646
1.0716129032258064
1.0703225806451613
1.0703225806451613
1.43678
1.43678
1.45012
1.30952
1.3086
1.255
1.1074
1.10404
0.99784
0.99798
1.00716
1.23112
0.95882
0.9583
0.95858
0.96416
13.715483870967741
1.0929032258064517
9.886129032258065
1.0912903225806452
10.806129032258065
1.1964516129032259
1.1919354838709677
3.0161290322580645
1.37542
1.37542
1.37506
1.37536
1.24484
9.35483870967742
1.24198
1.11752
1.11752
1.39798
1.40234
1.3963
1.0448387096774194
1.0241935483870968
1.11228
1.11126
1.11126
1.11248
1.1137
1.11238
1.11238
1.11236
17.161290322580644
1.1126
1.1089
8.369677419354838
1.40828
1.39904
1.25142
1.25142
1.24832
1.24562
1.24548
1.40554
1.40712
1.39778
1.3933
1.3957
1.39896
1.179032258064516
1.1851612903225806
7.886774193548387
1.154516129032258
1.2080645161290322
1.1487096774193548
0.96914
0.97202
0.97202
0.96148
0.962
3.279677419354839
3.28
7.804838709677419
4.9235483870967744
4.895161290322581
4.903548387096774
4.900322580645161
4.900322580645161
4.900322580645161
4.900645161290322
4.900645161290322
2.552258064516129
2.552258064516129
0.96024
10.225483870967741
0.96496
1.0306451612903227
1.0361290322580645
1.0361290322580645
1.0361290322580645
1.0361290322580645
1.03248
1.03248
1.1029032258064515
1.1029032258064515
1.1070967741935485
1.1374193548387097
27.275483870967744
1.1374193548387097
1.1193548387096774
1.1193548387096774
5.46741935483871
1.1203225806451613
1.1158064516129031
0.96372
0.97448
0.97112
0.97112
0.97112
0.97094
1.05578
1.05578
1.11852
1.11852
1.1168
0.96978
0.96832
11.011935483870968
0.9577
0.97566
1.04858
1.04862
1.04862
0.97466
0.9749
0.9749
0.97694
1.13728
0.9937
0.99314
0.98982
0.9917
6.16
1.1125806451612903
14.276774193548388
1.1661290322580644
0.97762
11.372903225806452
0.98458
1.12508
1.12508
1.155483870967742
1.155483870967742
1.1551612903225807
1.0125806451612904
1.011290322580645
1.0138709677419355
17.748064516129034
1.40352
1.40002
1.38892
1.24036
1.24032
1.2424
1.2454
1.2454
1.24618
1.25906
1.2585
3.3732258064516127
10.415161290322581
1.25348
1.11144
1.11088
1.0551
1.0551
1.05494
1.05532
1.05592
1.05532
0.974
0.97736
0.97688
0.97718
0.97718
0.97686
0.97686
0.97638
0.97642
0.97622
0.97662
6.38741935483871
0.97686
0.97542
0.98612
0.98674
0.9866
14.158709677419354
0.97404
7.441612903225806
0.9676
0.96816
0.96332
9.754838709677419
0.96522
0.95912
0.96362
0.97216
0.97416
0.99212
0.99212
0.8816129032258064
12.384193548387097
8.27483870967742
0.86228
0.86046
0.86098
0.86156
0.97546
0.97522
0.8874193548387097
0.98264
0.9826
0.98266
0.9834
0.98722
1.01362
1.01324
18.271612903225808
1.00944
1.00944
1.0049
1.006
0.9905
1.00556
1.00718
0.99972
0.99972
1.00016
1.00406
1.00388
1.0072
1.01648
0.85856
0.85808
0.85948
1.16772
1.16756
1.16404
1.16366
1.1639
1.16812
1.16316
0.91808
0.9214
0.92338
0.92338
0.92048
0.91728
1.15816
1.1578
1.16144
1.16556
1.16808
1.16364
1.16716
0.91904
1.03206
1.03594
1.03252
1.44124
1.44126
1.31888
1.0361290322580645
1.0361290322580645
1.0370967741935484
1.0370967741935484
1.0370967741935484
1.1206451612903225
1.1206451612903225
0.969
0.97404
0.85958
0.8599
0.85988
0.85988
0.86358
5.0529032258064515
1.02902
1.02904
0.9728
0.96814
1.0483870967741935
1.052258064516129
0.96314
1.052258064516129
1.0512903225806451
1.0512903225806451
1.0512903225806451
1.0512903225806451
1.03824
1.03566
1.03466
0.87568
0.88404
0.88376
0.88376
0.88372
0.8573
0.8573
0.85696
0.85696
1.16712
1.16712
1.16712
1.16618
1.17528
1.17674
1.1776
1.1776
14.753870967741936
1.17218
1.1725
1.29622
1.2879
1.28876
1.41592
13.407741935483871
1.41414
1.2792
1.27952
7.661935483870968
1.27966
1.27966
1.27966
1.28286
1.17308
1.17308
1.16616
2.6190322580645162
2.6196774193548387
2.614193548387097
2.6135483870967744
2.613225806451613
2.4161290322580644
2.416451612903226
2.452258064516129
0.8642
0.86426
0.86464
0.86144
5.268064516129032
0.9293548387096774
0.98638
0.98664
0.99522
0.99862
0.9868
5.7461290322580645
0.99008
0.98716
0.98684
0.98668
0.89226
0.9828
0.98432
6.178064516129032
0.99146
0.99764
0.99804
0.99764
10.951935483870967
0.8932258064516129
0.8935483870967742
0.8941935483870967
0.8935483870967742
0.8938709677419355
0.8938709677419355
0.86942
0.86942
8.146451612903226
0.98726
0.98872
0.89144
0.98794
1.15606
1.15606
1.156
1.1561
5.908064516129032
1.15134
1.15128
1.31686
1.31726
1.31698
1.31738
1.03878
1.41056
1.41012
1.29568
0.97888
0.97148
10.303548387096773
0.97694
0.86592
1.01322
1.00698
1.00772
1.01366
1.01326
1.02246
0.91254
0.91042
0.77442
0.77464
0.7796
0.77996
0.77996
0.78012
0.78012
0.9044
0.90604
0.90604
0.90556
0.77888
0.77884
0.7887096774193548
0.7887096774193548
0.78086
0.7799
0.88716
0.88718
0.88718
16.479032258064517
0.79916
0.79742
0.7961
0.88624
0.88678
0.88646
0.88646
0.88654
0.88654
8.592258064516129
0.80104
0.90766
0.9106
0.91042
0.77776
0.77744
0.77772
0.77694
0.7761
8.772580645161291
0.77828
1.013548387096774
1.1329032258064515
10.504193548387097
0.8861290322580645
0.91342
0.9111
0.90692
0.77858
0.77732
0.8903
0.89058
0.89058
1.0009677419354839
1.0009677419354839
1.0812903225806452
5.690645161290322
1.076774193548387
1.0419354838709678
1.149032258064516
1.146774193548387
1.0887096774193548
1.0887096774193548
0.78402
0.78872
0.8070967741935484
0.8332258064516129
0.8332258064516129
0.77974
0.7801
0.77978
0.78056
0.78006
0.78168
0.78174
0.78932
0.78962
11.28774193548387
0.9970967741935484
1.0232258064516129
1.0232258064516129
6.8667741935483875
1.082258064516129
1.0019354838709678
1.0019354838709678
1.0019354838709678
1.0019354838709678
1.0025806451612904
1.0019354838709678
1.0058064516129033
1.0593548387096774
1.0338709677419355
1.0338709677419355
0.87196
0.87138
0.8713
0.87104
0.8713
0.87506
0.87502
0.87264
0.87844
0.87852
0.87852
0.88252
1.00142
0.99384
1.0380645161290323
1.0596774193548386
1.0529032258064517
1.0529032258064517
0.79388
0.86044
0.86082
12.338709677419354
0.86824
0.86792
0.86834
0.86846
0.86854
0.86848
0.8470967741935483
0.83518
2.29
17.91709677419355
2.3016129032258066
2.3016129032258066
2.3
2.3
2.305806451612903
2.5916129032258066
2.5916129032258066
2.617741935483871
8.87258064516129
2.6174193548387095
2.6193548387096772
2.432258064516129
2.378064516129032
2.525161290322581
2.525161290322581
2.525161290322581
2.4696774193548388
0.812258064516129
0.8125806451612904
0.8129032258064516
0.8129032258064516
0.8135483870967742
0.8961290322580645
0.9580645161290322
15.05967741935484
0.8616129032258064
0.9019354838709678
0.8438709677419355
0.8454838709677419
0.78258
0.78134
0.78134
0.78134
0.78134
0.77734
0.8044
15.545806451612902
0.90632
0.90516
0.90488
0.90462
0.91022
15.195806451612903
5.724516129032258
0.91222
0.9123
0.9022
0.90156
0.90422
0.90124
0.90088
0.90088
5.549677419354839
0.89856
0.89852
0.89702
0.89702
0.89816
0.89782
0.89782
7.061612903225806
0.89106
0.89106
0.8921
0.89132
0.7917
1.1012903225806452
1.1006451612903225
1.1003225806451613
0.79164
0.79164
