None
None
None
None
None
None
None
None
None
None
None
None
None
None
None
None
None
None
None
None
None
None
None
None
None
None
None
None
None
None
None
None
None
None
None
6439.36474609375
5819.1435546875
5271.4326171875
4592.458984375
4793.30029296875
4866.08154296875
4836.35107421875
4369.3720703125
4763.326171875
4285.2099609375
4583.16064453125
4262.57177734375
4497.19580078125
5126.9638671875
4648.99365234375
4639.4755859375
4688.78076171875
5530.9873046875
4173.70703125
4228.3046875
4606.48876953125
4466.85791015625
4162.5615234375
4204.20703125
4485.59375
4590.72607421875
4401.85791015625
5206.95361328125
4557.02294921875
4192.11181640625
4231.7734375
4172.845703125
4715.66162109375
4288.40966796875
4246.14111328125
4184.7978515625
4608.6572265625
4629.1328125
4598.3115234375
5052.6767578125
4632.8271484375
4155.2890625
4143.27685546875
5023.54638671875
4984.14208984375
4125.1357421875
4790.84814453125
4560.01416015625
4217.634765625
5471.43701171875
4242.58544921875
3952.350830078125
4572.06103515625
4504.0185546875
4422.19580078125
4492.109375
4503.7294921875
4208.8623046875
4778.43896484375
4362.54248046875
4206.8564453125
4248.50537109375
4102.791015625
4137.271484375
5324.95068359375
4606.5107421875
4158.05908203125
4530.103515625
4334.7001953125
4492.32373046875
4859.96044921875
4482.91943359375
4012.182373046875
4620.04052734375
4620.92919921875
4115.61669921875
4167.6220703125
4163.64697265625
4407.00732421875
5211.236328125
4156.72998046875
4614.19140625
4552.4443359375
5054.04296875
4601.84619140625
4987.5712890625
5188.96044921875
4181.51904296875
4593.052734375
4638.81298828125
4216.35595703125
4020.006103515625
4824.0654296875
4423.81884765625
4135.18359375
5191.59228515625
3970.809326171875
4463.24072265625
4020.215576171875
4054.522216796875
4549.87890625
4972.87451171875
4366.376953125
4106.45947265625
4617.3779296875
4036.5947265625
5093.0927734375
4797.98681640625
4887.81787109375
4552.34228515625
4529.96923828125
4201.78173828125
5195.00341796875
4191.55517578125
6324.7451171875
5310.634765625
4686.333984375
4194.56640625
5126.72412109375
5049.8828125
4447.2724609375
4199.30419921875
4732.44482421875
5232.4345703125
4783.12939453125
4499.12939453125
4621.55810546875
4168.0029296875
4603.556640625
4750.244140625
4035.290283203125
4567.78466796875
4660.54345703125
4029.1689453125
7096.75634765625
4650.06103515625
9018.46484375
6542.171875
4226.5439453125
4449.50927734375
4573.095703125
4191.8759765625
5505.0791015625
4623.82666015625
4367.91943359375
4330.26123046875
4233.5087890625
4546.4375
8474.3076171875
8366.6318359375
4625.98974609375
7160.732421875
4614.0595703125
5300.001953125
6806.4091796875
4921.36962890625
4301.41064453125
4250.2333984375
5225.7919921875
7835.0888671875
6108.140625
7360.9423828125
4396.3759765625
5138.8154296875
4651.88818359375
4835.763671875
4255.20947265625
7604.65380859375
4603.4228515625
4329.7099609375
4384.671875
7368.2421875
4791.943359375
7721.2529296875
4135.419921875
4249.81201171875
4166.93017578125
4240.267578125
6378.58251953125
7449.3251953125
4729.78857421875
4486.015625
7287.92578125
4099.52734375
4626.1865234375
4883.1083984375
4350.93310546875
4273.44873046875
7713.60546875
10573.552734375
4647.927734375
7010.74609375
4901.6494140625
4536.1435546875
5290.8173828125
7376.955078125
4790.63037109375
5193.49609375
4840.01171875
4692.19677734375
4451.22119140625
4448.8642578125
5158.6162109375
5893.056640625
4523.2392578125
4695.67041015625
4114.56689453125
4713.08447265625
4366.79296875
6869.51318359375
4895.580078125
7910.6220703125
8476.4951171875
4633.9833984375
8147.2529296875
7037.470703125
4793.5126953125
4850.8798828125
4525.28125
5860.087890625
4582.705078125
4697.7890625
7362.33837890625
8282.583984375
4842.4013671875
9608.6591796875
5042.2236328125
7537.34521484375
5893.8251953125
7730.1875
5279.189453125
5166.45947265625
4956.55078125
4685.48388671875
4875.0029296875
4670.068359375
4795.8857421875
4507.9169921875
5169.6181640625
4919.1630859375
5226.98974609375
4761.0009765625
4884.4453125
7772.14599609375
4373.0830078125
7680.53759765625
5456.3466796875
4934.52294921875
4264.22265625
4952.28076171875
7772.927734375
5808.3583984375
4400.35693359375
4976.96484375
5662.41015625
6798.43701171875
4709.97705078125
6805.609375
7119.38037109375
4548.4775390625
4348.58837890625
4538.8994140625
4204.1298828125
4923.99072265625
5087.57373046875
5290.435546875
5025.9736328125
8003.90283203125
4826.2548828125
4503.84814453125
4322.921875
4816.482421875
4439.97900390625
5178.986328125
6884.59912109375
5058.5654296875
4990.4365234375
4692.931640625
7800.32373046875
5138.525390625
7448.47265625
4884.4951171875
4495.150390625
4942.00244140625
4501.46484375
4562.93310546875
4586.10498046875
7671.255859375
4577.06494140625
4785.1826171875
4858.9453125
7564.845703125
4238.005859375
5280.96875
4525.06982421875
4681.6611328125
4772.55615234375
4889.7421875
4729.8916015625
4910.60693359375
5520.56396484375
4884.3720703125
5785.50244140625
4985.84619140625
5435.7802734375
4852.1923828125
8316.1953125
4703.67578125
4869.1435546875
4380.91845703125
4928.04248046875
4688.43896484375
4718.62451171875
4806.75927734375
5633.3466796875
7483.228515625
7427.12109375
5050.7412109375
5760.85546875
4420.8212890625
4528.419921875
4838.419921875
4604.8056640625
4718.5390625
4950.73876953125
4335.162109375
4928.5791015625
4898.60693359375
5521.91796875
4647.21875
5305.24462890625
5296.22119140625
4568.67333984375
4549.60888671875
6451.63623046875
4605.6220703125
7943.78955078125
5260.1357421875
7014.23046875
5857.35986328125
6597.45361328125
4374.0537109375
4547.216796875
5431.62353515625
5006.587890625
4543.34326171875
4730.1591796875
4742.16162109375
5155.2998046875
5321.48779296875
4603.22314453125
4312.56884765625
7507.8056640625
4441.34912109375
4860.37158203125
4755.4228515625
5098.099609375
6530.5634765625
5220.17333984375
4666.18212890625
7475.2978515625
7453.79248046875
4630.6787109375
4442.0908203125
5093.76611328125
4921.63525390625
4600.3525390625
5017.77197265625
4701.0830078125
4786.9462890625
4585.0390625
4843.4287109375
6845.7412109375
7531.8759765625
4658.1064453125
4503.6123046875
5154.05712890625
4169.04833984375
5134.4267578125
6381.607421875
4465.46484375
4842.91748046875
5407.4091796875
4623.0205078125
4872.0478515625
5076.84912109375
4802.80078125
7567.9658203125
4344.36962890625
4609.25048828125
5482.6767578125
5248.6572265625
4614.97900390625
4990.90234375
4737.75439453125
6808.296875
5191.21337890625
4532.7744140625
5326.4296875
4856.47216796875
4491.06298828125
4869.43994140625
5285.80859375
4628.76318359375
4671.13916015625
5237.9765625
5978.11279296875
4617.30859375
5505.771484375
5308.81298828125
4542.64794921875
5002.41650390625
5131.09521484375
4343.42822265625
4465.1103515625
4427.625
5510.31494140625
4965.5546875
10810.7958984375
6776.361328125
4746.10205078125
5159.28515625
4922.3349609375
5232.845703125
5018.5703125
4703.970703125
4742.41162109375
4818.67529296875
4420.5498046875
4832.03125
4946.931640625
5003.3857421875
6741.14111328125
4692.3916015625
4420.37939453125
5004.41015625
4536.1552734375
4994.2861328125
5308.96875
5078.9150390625
4667.4521484375
4718.443359375
5006.01806640625
4386.65478515625
4477.8916015625
4765.349609375
4712.427734375
5023.63671875
4485.53955078125
4525.49755859375
4442.34228515625
4396.28515625
4871.83642578125
5177.970703125
4239.62646484375
4646.0068359375
7056.7001953125
4491.68505859375
4269.96142578125
4874.61279296875
7608.6865234375
5104.36962890625
7673.6240234375
4282.5
4838.279296875
5182.40673828125
4948.10205078125
6168.18212890625
4416.84423828125
7559.943359375
5400.904296875
4783.78515625
4946.49267578125
4861.67333984375
4824.1064453125
4503.9052734375
5146.79443359375
4751.587890625
4584.53515625
5333.416015625
5217.64892578125
4539.21728515625
5888.8994140625
4710.77978515625
4897.4658203125
4342.14892578125
4183.22021484375
4805.30224609375
4498.93359375
5576.7548828125
6083.62744140625
5085.255859375
4957.474609375
4237.4990234375
4834.04296875
4476.11572265625
4828.2236328125
5119.4658203125
4836.37548828125
4687.591796875
5146.28125
7643.10498046875
4426.56201171875
7680.6748046875
4329.2431640625
4726.62646484375
4522.0634765625
4769.283203125
4545.5400390625
5680.57373046875
7111.4248046875
4962.6796875
5051.65966796875
4963.88916015625
6767.5712890625
4619.02978515625
4490.99169921875
7152.32763671875
4390.64404296875
4561.41064453125
6516.23095703125
5177.7744140625
4695.23095703125
5518.15283203125
5092.4072265625
5248.89501953125
5079.52294921875
4648.03759765625
4638.7939453125
4214.53125
4719.294921875
7334.1181640625
4884.9599609375
7907.7080078125
4322.1875
4579.921875
4697.51220703125
5208.21484375
5471.4736328125
4291.98095703125
4692.5322265625
4950.953125
4336.580078125
6050.72607421875
4365.0537109375
4737.10498046875
5412.69677734375
4913.25927734375
4249.74072265625
4469.80712890625
4608.521484375
4857.27783203125
5434.490234375
4342.77880859375
5617.1484375
4157.876953125
5482.6552734375
4714.56298828125
5000.04248046875
5206.5869140625
4834.013671875
4908.56689453125
4747.015625
4830.57177734375
4341.9697265625
9023.1650390625
5246.05419921875
5307.62548828125
4521.41015625
5405.48486328125
7495.41552734375
5394.1748046875
4966.380859375
4589.09912109375
5216.26416015625
5185.60791015625
7366.61376953125
5014.86474609375
7338.54345703125
5123.3046875
4891.06005859375
9031.6396484375
4844.57275390625
4676.22021484375
4759.3505859375
5871.78955078125
5203.478515625
5012.8720703125
5113.55859375
5046.06494140625
6926.76953125
4603.89404296875
5584.4052734375
5028.8798828125
6397.23046875
6201.1650390625
4803.560546875
6744.6416015625
4706.49365234375
7702.76611328125
4384.8173828125
5243.947265625
5158.9609375
6005.69677734375
5317.12158203125
4903.6923828125
4294.8115234375
4657.837890625
6198.013671875
4975.994140625
4612.66943359375
4447.75537109375
6502.09033203125
5004.96875
5278.79150390625
5276.01220703125
4828.67626953125
4868.52294921875
5323.6484375
4628.2783203125
5300.205078125
5161.28369140625
4683.5390625
4856.07666015625
5154.1953125
4949.35205078125
5011.40087890625
5060.78515625
4669.64453125
4562.03076171875
5087.31689453125
4653.44921875
5254.11572265625
5203.07470703125
5145.92138671875
5199.89013671875
5390.384765625
4548.24609375
4589.7900390625
5142.17138671875
5415.7099609375
4881.78369140625
4717.46533203125
4749.974609375
4835.7490234375
5305.08203125
4945.72265625
5777.0556640625
4837.19091796875
4954.9208984375
5114.6123046875
4573.3818359375
4878.91650390625
4862.001953125
4529.7626953125
4944.85888671875
4775.6962890625
4445.68896484375
4670.17822265625
5611.927734375
4678.861328125
4617.81591796875
4898.5390625
5487.2177734375
4654.8173828125
4753.4072265625
4970.6044921875
4321.60205078125
4807.86279296875
5963.29052734375
5077.2958984375
4722.87548828125
5055.25537109375
5325.6201171875
5173.265625
4753.796875
4588.88134765625
5094.85498046875
5389.8916015625
4735.3466796875
5158.05126953125
4297.69921875
4830.6875
4610.12255859375
4917.259765625
4882.9404296875
4997.7333984375
5304.88916015625
4958.57861328125
4666.1904296875
4919.7421875
4441.52392578125
4676.54736328125
4649.42041015625
5628.52197265625
4557.7451171875
5237.14990234375
4601.48388671875
4707.06787109375
4459.791015625
4760.4189453125
5252.947265625
4963.91552734375
4982.47998046875
4764.5361328125
5528.77783203125
4907.23193359375
4770.2021484375
4779.20751953125
5053.37548828125
4815.9248046875
4920.88134765625
4959.83349609375
4944.38525390625
4539.3037109375
4798.8857421875
4942.92333984375
5173.51123046875
4740.0791015625
4919.1083984375
4557.5712890625
4731.3017578125
4956.08642578125
4807.63232421875
5601.9892578125
5149.91845703125
5154.361328125
4857.15478515625
4811.0380859375
4396.34130859375
5455.09765625
4464.478515625
5588.97314453125
4413.3876953125
4717.9326171875
4586.24755859375
4274.564453125
4706.68359375
5180.7314453125
4876.7138671875
4927.296875
5266.16552734375
4752.2021484375
5150.87646484375
5912.39794921875
4914.24853515625
5353.54296875
5078.79248046875
5331.419921875
4644.53125
5453.28662109375
5325.6826171875
4746.841796875
5425.08251953125
5366.908203125
5380.3740234375
5313.72998046875
5259.1640625
5228.546875
4727.150390625
4513.0498046875
4973.40966796875
4687.00146484375
4913.806640625
4795.173828125
5270.16943359375
4913.9482421875
4828.11474609375
4973.556640625
5012.24267578125
4909.06787109375
5237.193359375
4664.056640625
5474.236328125
4974.7119140625
4909.33984375
5208.39013671875
5156.13134765625
4459.283203125
5317.29833984375
5212.69140625
5030.3955078125
4792.474609375
5177.060546875
5008.89990234375
5305.3564453125
4870.38037109375
5214.1435546875
4800.33935546875
5418.1123046875
4655.5244140625
4977.474609375
5209.47216796875
4668.70068359375
4874.740234375
5334.29345703125
4687.09033203125
5169.24658203125
4436.90380859375
5266.5771484375
4543.40966796875
4657.92041015625
4420.14501953125
4300.76611328125
5598.82373046875
5374.859375
4682.6845703125
4875.111328125
5624.05078125
4827.892578125
4701.67138671875
5008.419921875
4898.65185546875
4625.361328125
5127.9013671875
4665.806640625
5178.1123046875
5117.92138671875
4963.43701171875
5218.9423828125
5170.74560546875
4736.9287109375
5180.8193359375
4744.15234375
5346.80517578125
5083.51513671875
5376.81591796875
5098.19140625
5250.939453125
5544.439453125
5448.05908203125
4970.0947265625
5280.74658203125
4770.087890625
4947.0576171875
4593.0546875
4726.9921875
5545.45751953125
5019.044921875
4772.2578125
4683.880859375
4652.64013671875
5079.5537109375
5461.763671875
5085.1689453125
4592.93212890625
5212.5185546875
4639.1416015625
4863.74853515625
5329.54150390625
5282.82470703125
4903.68017578125
5196.35546875
5258.8466796875
4486.59619140625
4868.08251953125
5403.87646484375
5278.06689453125
5344.826171875
5168.9501953125
4945.79443359375
5676.5224609375
5681.4912109375
4869.32763671875
4989.357421875
5527.99658203125
5096.908203125
5078.5771484375
5172.53515625
5075.068359375
5297.65283203125
5038.32958984375
5153.8623046875
4978.92529296875
4855.28857421875
5151.1513671875
4925.63671875
5282.45166015625
4787.8330078125
4751.71240234375
5625.37548828125
4930.880859375
5243.2861328125
5595.169921875
5581.4345703125
4971.22412109375
4810.01123046875
5414.83984375
4735.173828125
5029.216796875
4696.052734375
4882.3857421875
4666.8330078125
5727.9140625
4652.6796875
5205.31103515625
4688.765625
5108.85546875
4778.84814453125
5229.6318359375
4727.140625
4692.53271484375
4863.20654296875
5249.5234375
4738.76220703125
4652.22265625
5374.818359375
4976.19775390625
5677.20654296875
4915.5947265625
4838.0537109375
5171.0224609375
4690.72802734375
5207.8564453125
5255.560546875
5184.7509765625
4705.986328125
4926.02099609375
4761.4814453125
5832.5625
4891.396484375
4650.55517578125
4702.1474609375
5011.90771484375
5572.42578125
5099.85546875
5209.15625
5180.1689453125
5118.681640625
4783.73828125
5307.36376953125
5033.3037109375
4979.126953125
4962.2958984375
5341.5703125
4649.4404296875
5220.48291015625
4826.6728515625
4791.4345703125
5230.43994140625
5422.02099609375
5345.75
5749.1650390625
4980.8154296875
5135.79833984375
5385.4443359375
4848.6884765625
4789.08251953125
5136.728515625
4985.0712890625
5192.69140625
5497.19677734375
4421.31640625
5013.96875
5207.4619140625
5442.41943359375
5403.515625
5694.67041015625
4478.736328125
5198.71923828125
4708.869140625
4908.26513671875
5157.044921875
4909.93896484375
5571.57861328125
4380.20751953125
5423.2216796875
5898.79541015625
5525.37451171875
4987.38623046875
5740.59619140625
5571.84326171875
5291.38427734375
5247.48193359375
5276.958984375
5504.21484375
4829.896484375
4879.51611328125
4784.69091796875
5586.21240234375
4954.52978515625
5246.10986328125
5442.61767578125
4877.00732421875
4865.60009765625
4912.7119140625
4708.52001953125
5062.5048828125
4521.90771484375
5132.037109375
5202.07763671875
5137.51806640625
4672.91259765625
4532.66015625
5039.30908203125
4771.79541015625
4675.70751953125
5374.6044921875
5292.51220703125
5117.98388671875
4545.703125
5171.93359375
5255.0498046875
4893.328125
5443.6181640625
5211.689453125
5198.75537109375
5301.9560546875
5259.8115234375
4907.7001953125
4744.615234375
5412.36572265625
5188.2568359375
4787.3681640625
5000.544921875
5340.65087890625
5155.9609375
4699.5087890625
4681.65625
4375.81396484375
5372.791015625
4447.658203125
4771.5576171875
5092.9267578125
4789.5712890625
4905.00341796875
4792.443359375
5506.35302734375
5417.72216796875
5109.646484375
4431.4423828125
5368.50390625
5369.4228515625
4935.16748046875
5190.2626953125
5194.42919921875
4544.1083984375
5032.2626953125
5228.708984375
5434.68017578125
4734.7119140625
4552.72412109375
4658.7666015625
5392.35693359375
5093.07958984375
4565.55322265625
5210.0458984375
5734.94921875
4798.681640625
4888.02099609375
4356.630859375
5062.51318359375
5589.94921875
5161.0498046875
5185.9501953125
4697.32080078125
4554.5947265625
4620.82421875
4833.587890625
4969.8544921875
4800.3876953125
4409.3349609375
4674.71044921875
4992.724609375
4906.7578125
4982.6630859375
4400.68896484375
5355.435546875
4649.4873046875
4825.4892578125
5228.14990234375
5225.12646484375
5055.271484375
4677.10791015625
5097.7509765625
4772.1513671875
4548.615234375
5247.525390625
4812.708984375
5238.12939453125
4537.89990234375
5047.501953125
4281.5126953125
5111.62353515625
4872.15966796875
4919.0087890625
4511.306640625
4614.4794921875
5070.16015625
5212.279296875
4757.8125
4999.5126953125
4812.27783203125
5041.10546875
5532.2783203125
4682.72607421875
5050.9873046875
4836.9296875
5039.1005859375
4510.2490234375
5378.052734375
5551.7880859375
4871.40087890625
4989.42138671875
4748.9912109375
4557.69482421875
4742.1552734375
5470.90283203125
5122.0576171875
5003.0966796875
5337.69482421875
5349.15283203125
5268.380859375
4544.865234375
4847.177734375
5233.5576171875
5360.5283203125
5229.75732421875
5547.1728515625
5172.81103515625
4938.9384765625
5336.095703125
4534.2021484375
5088.44189453125
5213.6015625
4741.73974609375
4964.611328125
4420.47265625
4810.68408203125
4905.88623046875
4858.44775390625
4893.763671875
5271.81005859375
5098.130859375
5272.33251953125
4120.5556640625
4540.86767578125
5181.4609375
5392.85986328125
4343.7666015625
4822.1953125
5376.30078125
4341.091796875
5682.22021484375
4998.83837890625
5236.21533203125
4560.1748046875
5219.16064453125
4424.35595703125
4818.9609375
5230.3935546875
4874.4580078125
4791.07666015625
4961.6484375
4455.78466796875
5357.9052734375
4597.55859375
5109.03173828125
5511.9697265625
4864.7626953125
5251.60888671875
4616.921875
4364.1201171875
5191.1044921875
4971.7490234375
5291.61328125
5348.28076171875
4782.84375
4769.23291015625
4690.85498046875
4683.43408203125
5148.62060546875
4784.162109375
5358.34912109375
4558.314453125
5131.19091796875
4538.8837890625
4546.10400390625
4637.5556640625
4409.96142578125
5772.5185546875
5284.8876953125
4681.00244140625
4476.64501953125
4596.16748046875
4249.6962890625
4440.572265625
5232.6923828125
4974.02001953125
4838.107421875
4916.056640625
5420.7958984375
4574.90625
4445.8466796875
5295.46337890625
4824.62353515625
5305.431640625
4990.3642578125
5024.7138671875
5082.447265625
4876.97802734375
5287.40869140625
4417.01513671875
4757.85791015625
4821.41064453125
5378.6435546875
4660.16748046875
4851.10107421875
4834.421875
4627.5947265625
4834.4765625
5052.458984375
4927.0380859375
5130.64990234375
4839.822265625
4634.30078125
4552.26513671875
4967.8876953125
5075.17529296875
4668.029296875
4599.79052734375
4473.32666015625
4983.35009765625
4761.1982421875
4979.0244140625
5329.6943359375
4602.66015625
5018.8935546875
5306.966796875
4538.67626953125
4801.1220703125
5423.2666015625
4367.693359375
4814.958984375
4769.6982421875
4729.6064453125
5062.3916015625
4524.2685546875
4396.44189453125
4555.3701171875
4889.85009765625
5011.73974609375
4623.2216796875
4693.994140625
4753.97705078125
4573.2744140625
4919.37060546875
4453.6337890625
4991.9169921875
5324.8388671875
4771.63232421875
4776.22705078125
5046.07421875
4597.634765625
4564.255859375
4862.3779296875
4381.4052734375
5231.55224609375
5047.42333984375
4696.505859375
4607.220703125
4238.89111328125
5090.947265625
4536.64794921875
4718.2490234375
4841.248046875
4770.9365234375
4868.3173828125
4922.77294921875
4485.89501953125
5071.166015625
4728.8369140625
4629.4453125
5654.04345703125
5068.08544921875
4666.3564453125
5222.45947265625
4740.7314453125
4491.04443359375
4478.41650390625
5118.1064453125
5018.74072265625
5097.583984375
4857.74462890625
5121.23583984375
5312.63134765625
4639.88623046875
4514.14501953125
4723.05615234375
4738.640625
4734.01123046875
4638.03125
4417.33056640625
4074.80126953125
5071.849609375
5103.40625
4971.5419921875
4909.49560546875
5010.48046875
5598.64501953125
4612.50537109375
4720.8740234375
4630.2509765625
5009.52294921875
4966.46484375
5097.72265625
4880.8623046875
4419.12060546875
4250.6767578125
4667.4853515625
5188.9052734375
4809.08349609375
4215.33447265625
5058.21484375
4884.83154296875
5419.9921875
4700.7509765625
4987.818359375
5076.08203125
4623.89013671875
5645.13916015625
5012.41455078125
5538.20556640625
4841.7998046875
4628.97314453125
5346.3349609375
4703.54931640625
5048.77099609375
5131.4345703125
4797.98583984375
4756.97412109375
4839.33984375
4808.7548828125
4441.0810546875
4856.9248046875
5014.56591796875
5048.66162109375
4531.45556640625
4865.22216796875
5140.26708984375
5663.88037109375
4578.8759765625
4852.76416015625
4964.98681640625
4679.20068359375
5336.63525390625
4936.8349609375
4452.3876953125
4432.34423828125
5496.4921875
4889.8740234375
5307.13232421875
4988.0361328125
4562.6669921875
4666.9111328125
5281.45458984375
4708.873046875
4798.146484375
4772.04736328125
4890.3447265625
5069.9052734375
5133.953125
5380.150390625
5067.71728515625
4490.6435546875
4919.234375
4882.8427734375
4692.2919921875
5093.94482421875
4852.5439453125
5018.86279296875
5206.45068359375
4907.5029296875
5112.4765625
4900.2275390625
5036.521484375
5178.02978515625
4549.73486328125
6030.01171875
5269.38134765625
4945.3984375
5251.95458984375
5226.15869140625
5188.1279296875
4808.4462890625
4854.5
5376.10107421875
4708.21630859375
5030.47998046875
5068.01904296875
4862.89794921875
4848.662109375
4922.9443359375
4285.755859375
5218.41357421875
5169.322265625
5609.27685546875
4919.5712890625
5352.19384765625
5676.01416015625
5587.900390625
4889.7734375
4547.15869140625
4670.92529296875
4485.60400390625
4878.787109375
4938.3818359375
4763.71142578125
5054.93359375
4537.34375
4510.76904296875
5222.3310546875
5267.95458984375
4986.5390625
4765.00439453125
4808.34423828125
4937.873046875
4460.41796875
4850.06103515625
4878.48486328125
4946.9091796875
4563.51953125
4872.49267578125
4745.5400390625
5001.12353515625
5489.306640625
5628.18017578125
4806.59814453125
5003.880859375
4811.501953125
4681.14453125
4876.14892578125
4998.74609375
5349.0068359375
4834.9404296875
5164.68310546875
4868.53857421875
4918.6875
5075.966796875
4298.66259765625
4736.6748046875
4377.81005859375
4700.267578125
5202.4453125
5019.94091796875
5027.1259765625
4811.0537109375
4833.83837890625
5209.0986328125
4619.64208984375
4798.16357421875
5040.52978515625
4713.17578125
4633.4140625
4605.8037109375
4792.4736328125
5503.630859375
5632.82568359375
4341.7294921875
4964.35302734375
4095.52001953125
4480.96826171875
4902.61962890625
4673.40478515625
4474.30615234375
5532.77880859375
4545.892578125
4718.201171875
5272.90966796875
4850.9091796875
4420.79150390625
4523.982421875
4970.271484375
5339.2685546875
5347.9072265625
4859.673828125
4733.99609375
4488.52587890625
4886.33740234375
4386.27099609375
4761.94091796875
4749.5234375
4779.19287109375
4732.92333984375
4602.93017578125
5377.05517578125
4996.33544921875
4710.40576171875
4707.41015625
4813.2099609375
5903.7646484375
3899.022216796875
4909.70166015625
5000.47021484375
4269.09423828125
5559.48828125
4219.2578125
5075.0126953125
4507.361328125
4524.48681640625
5566.58984375
5004.337890625
4617.29931640625
5235.99267578125
5271.11572265625
4980.833984375
4874.5537109375
4692.8779296875
5578.15283203125
5104.67626953125
4280.66064453125
4064.293701171875
4603.44091796875
4017.111328125
4455.96826171875
4421.9384765625
4486.8349609375
5223.13134765625
4793.86474609375
4564.25732421875
4856.357421875
4574.24072265625
4833.56494140625
4869.1201171875
5114.14208984375
4745.95849609375
4835.2841796875
4598.4287109375
5101.76904296875
5069.1279296875
5309.66162109375
5023.92529296875
5506.517578125
5225.7861328125
5240.03271484375
4608.7890625
4919.3681640625
5048.58544921875
5034.642578125
5041.796875
5522.07470703125
5484.912109375
4610.8095703125
4648.76806640625
4612.3515625
5136.81005859375
6096.3310546875
5293.36083984375
4447.6865234375
4892.228515625
5006.12255859375
4596.68408203125
5050.85009765625
4376.54345703125
5175.22802734375
4568.79248046875
4459.82177734375
4807.33349609375
4756.81640625
4370.84716796875
4012.529541015625
4508.1455078125
4284.4853515625
5320.2041015625
5520.8564453125
4961.54443359375
4408.95166015625
4305.4326171875
5098.38037109375
5577.21484375
4772.29833984375
5184.44921875
4792.236328125
3559.977294921875
5106.26220703125
4661.3330078125
4790.36962890625
3965.71337890625
4530.35693359375
4731.47412109375
4980.0185546875
4434.8701171875
5478.0517578125
5006.37158203125
4997.4345703125
4269.1787109375
5001.111328125
5304.03271484375
5251.01123046875
4211.646484375
5008.01611328125
4249.24560546875
5025.5615234375
5031.63720703125
5205.6982421875
5253.19091796875
5231.705078125
5195.9697265625
4641.25927734375
4985.7119140625
4885.36474609375
4997.20361328125
4852.9921875
4475.42578125
4914.70263671875
4532.0380859375
5060.5302734375
4858.96630859375
4927.40283203125
4487.689453125
4620.8134765625
5122.9990234375
5372.685546875
4869.466796875
4189.1357421875
4754.365234375
5018.3427734375
4808.81103515625
4835.0673828125
5171.1455078125
4274.92333984375
4880.27001953125
4609.94140625
4538.0234375
4774.18505859375
3820.25537109375
5349.07373046875
4852.72265625
4306.9912109375
5236.740234375
4175.53271484375
4977.93896484375
4680.3505859375
4926.47412109375
4327.20751953125
4153.1142578125
5001.3466796875
4217.35400390625
4196.9052734375
4824.78173828125
4185.40625
4865.962890625
5034.48486328125
4170.9599609375
4867.28759765625
5153.67236328125
4176.8359375
5429.1513671875
4176.69580078125
4953.8447265625
4747.29736328125
4310.4501953125
4185.388671875
5343.1845703125
4993.5615234375
4316.873046875
4508.986328125
4368.62158203125
4387.169921875
4474.81005859375
5049.11865234375
4430.8623046875
4561.99609375
4752.39013671875
4795.83935546875
3573.225341796875
4875.08349609375
4489.998046875
4606.0576171875
5000.9267578125
4549.474609375
4088.966796875
4623.763671875
5192.21923828125
4139.2548828125
4364.62255859375
5278.46826171875
4596.75341796875
4662.1318359375
5300.29345703125
4765.66748046875
4290.1474609375
5165.9306640625
5264.06005859375
4670.5458984375
4642.00341796875
4936.32958984375
4912.76953125
4663.21630859375
4914.6328125
4856.93359375
4931.50537109375
4783.9208984375
4708.9736328125
4655.51708984375
4825.96142578125
4923.76025390625
5358.37744140625
5041.54150390625
4781.6162109375
4394.83837890625
4757.01123046875
4249.65771484375
4734.57373046875
3932.622802734375
4868.7236328125
4470.564453125
4395.9013671875
4921.4736328125
4943.22265625
5029.7158203125
4657.056640625
5017.8193359375
4898.16357421875
5662.57275390625
4348.0
4859.04931640625
4696.3447265625
4680.01171875
4711.81005859375
5079.48876953125
5435.52783203125
5034.158203125
4839.19873046875
5154.8408203125
4065.833984375
4419.98046875
4768.63330078125
4535.05712890625
4051.061767578125
4599.845703125
4758.83984375
5269.54296875
4443.90673828125
4411.5078125
5190.0634765625
4881.2685546875
5072.9228515625
5085.8740234375
4157.44921875
4877.24609375
5036.89599609375
4472.44287109375
4647.38818359375
4924.73828125
4448.6875
4857.48681640625
5081.43359375
4834.14892578125
4536.0498046875
4706.1357421875
4721.76318359375
4698.50927734375
4975.841796875
5296.0947265625
4210.0908203125
3865.882080078125
5208.4609375
4458.6962890625
5013.78662109375
5258.12109375
4498.142578125
5248.8466796875
4893.94970703125
4633.28125
4724.29931640625
4805.95166015625
4765.810546875
4760.494140625
4551.93798828125
4976.47998046875
4227.3583984375
3900.185302734375
4347.04248046875
4598.97998046875
4635.99072265625
4796.01806640625
4641.466796875
4682.353515625
4651.48974609375
4268.30078125
4342.6533203125
5406.08935546875
4994.947265625
4804.2421875
4684.25927734375
4883.5654296875
4622.033203125
4593.01220703125
5026.66455078125
4813.43310546875
4923.931640625
5288.24462890625
4678.04296875
4782.0859375
4553.5390625
4614.22705078125
4756.36767578125
4225.341796875
5054.3486328125
4815.8916015625
4869.01904296875
4770.15869140625
5039.904296875
4473.689453125
4546.203125
4824.19189453125
4911.986328125
4540.10986328125
4255.77978515625
4758.736328125
4626.01416015625
4929.56787109375
5037.46875
4481.908203125
4612.11865234375
4463.3115234375
4256.76416015625
5174.53076171875
4941.95947265625
3830.53515625
4186.138671875
5373.068359375
5005.99853515625
4402.9619140625
4550.34375
4707.29736328125
5066.77734375
4374.876953125
4444.07861328125
4790.18212890625
4908.83154296875
5013.38720703125
4492.01708984375
4978.2578125
4630.16015625
5022.78125
4893.30517578125
5361.3095703125
4673.49755859375
5069.2578125
4867.40869140625
5192.7685546875
4886.0634765625
5450.81591796875
4880.033203125
4373.72607421875
4748.89794921875
4776.19873046875
4485.13818359375
4720.04150390625
4738.05078125
4210.0458984375
5120.57666015625
4483.74609375
4887.50341796875
5092.1865234375
4899.9443359375
4339.02587890625
4335.9658203125
3905.607177734375
5389.99609375
4945.9482421875
4923.78564453125
4643.12060546875
4424.37548828125
4923.1083984375
5417.63671875
5051.34326171875
4912.69873046875
4893.5185546875
4559.470703125
5408.376953125
4679.24462890625
4337.83544921875
5120.82958984375
4859.94091796875
4388.46337890625
4463.9736328125
5467.06005859375
4530.70751953125
4879.41064453125
4848.48828125
5078.07421875
5388.7607421875
4535.27001953125
4965.748046875
5251.5302734375
4886.67578125
4762.5478515625
5301.3974609375
4828.3515625
4992.328125
4889.744140625
5105.41650390625
4962.4248046875
4448.5107421875
4602.1064453125
5096.47802734375
5236.7373046875
4728.54150390625
4962.6982421875
4906.361328125
4970.94189453125
5191.203125
5380.8876953125
4526.60400390625
5216.458984375
4817.826171875
5090.70703125
5131.224609375
4765.607421875
5270.92236328125
4946.11962890625
5088.5107421875
4939.70849609375
4584.61865234375
4970.091796875
4989.40576171875
4831.7802734375
4569.62646484375
5276.533203125
4519.51171875
4756.42333984375
4948.4794921875
4629.041015625
4448.49169921875
5202.08935546875
4560.3349609375
4446.896484375
4828.73291015625
5138.57470703125
4608.70263671875
5247.611328125
4252.98291015625
4796.09814453125
4577.318359375
5328.17724609375
4826.20263671875
5445.50341796875
5034.57421875
4733.8369140625
4512.513671875
5004.3642578125
5058.56298828125
5423.7822265625
4840.361328125
5079.4814453125
4399.8271484375
5051.484375
4977.00244140625
5434.48828125
4615.99951171875
5067.1904296875
5509.3408203125
4506.595703125
4592.96484375
5557.4541015625
5258.55322265625
4554.3134765625
4694.494140625
4758.06298828125
4695.76123046875
5360.30224609375
4627.58740234375
4564.4521484375
4866.23193359375
4828.34521484375
5060.5537109375
4777.671875
4433.0888671875
4693.955078125
5410.96826171875
5000.259765625
4640.2177734375
4761.521484375
4537.0185546875
5239.9814453125
4754.81884765625
4482.873046875
4767.8896484375
4370.8662109375
5176.8017578125
4800.904296875
4821.13330078125
5236.591796875
4874.04443359375
4789.97265625
5792.37158203125
4918.0625
5037.5791015625
5039.419921875
4530.29541015625
5314.8876953125
4760.923828125
5096.8623046875
4624.68994140625
5056.3408203125
4545.080078125
5345.1552734375
4684.19384765625
4524.0244140625
5133.84423828125
4447.55322265625
4882.9697265625
4487.9384765625
5219.39599609375
5126.28125
5060.57763671875
4665.27294921875
5281.89990234375
4810.67431640625
5011.361328125
4806.0859375
4602.8046875
5638.4140625
4673.9375
5112.673828125
5070.935546875
4502.60693359375
4737.7158203125
4761.572265625
4627.25732421875
5030.703125
4782.994140625
4530.2900390625
4486.51171875
4536.240234375
5056.81689453125
4850.2861328125
4515.22509765625
4848.09228515625
5120.64013671875
4656.12109375
4748.85888671875
4554.02392578125
5781.46728515625
4869.880859375
5068.62060546875
4650.8251953125
4900.97314453125
4650.572265625
5077.69482421875
5123.40380859375
5295.6748046875
4830.3232421875
4639.6357421875
4919.6982421875
3943.36328125
4796.8056640625
4611.0732421875
4967.4248046875
4433.146484375
4439.87060546875
4565.49560546875
5136.66845703125
4876.43310546875
5609.09130859375
5306.09423828125
5117.63916015625
5038.1025390625
4962.080078125
4416.703125
5242.8720703125
5438.080078125
4976.87939453125
4897.537109375
5025.1484375
4930.34033203125
4370.12060546875
4122.015625
5091.69482421875
4219.458984375
3969.205322265625
4824.634765625
5077.2294921875
4931.2607421875
4688.22900390625
4667.1767578125
5615.76220703125
5423.611328125
4938.01806640625
4932.4814453125
5344.11572265625
4457.45849609375
4908.935546875
4992.767578125
4999.52783203125
4614.50537109375
5184.62353515625
4648.73876953125
4917.4365234375
5337.62255859375
4564.01171875
4597.21533203125
4769.3837890625
4718.5771484375
4493.58544921875
4434.4443359375
4737.521484375
5188.95458984375
5030.29296875
4556.4013671875
4381.453125
4758.1455078125
4905.24365234375
4886.89208984375
4231.43896484375
4674.81298828125
4585.611328125
4569.29736328125
5036.3740234375
4668.33740234375
5335.4267578125
5490.861328125
4930.6357421875
4452.5830078125
4319.982421875
4454.14892578125
4720.6123046875
4586.017578125
4707.64404296875
4958.515625
4778.17236328125
4196.34521484375
4395.34033203125
4596.7509765625
4999.78857421875
4256.9287109375
4207.6513671875
4285.81103515625
4584.51416015625
4681.6611328125
4614.322265625
4678.2744140625
4261.86328125
4638.55419921875
4757.3232421875
5122.10986328125
4447.94189453125
4380.859375
3994.043212890625
4472.93505859375
4958.16357421875
4436.4208984375
5236.4052734375
4710.83203125
4760.38671875
5188.75439453125
4119.890625
4402.7099609375
5010.548828125
4693.88134765625
4578.52978515625
4582.82958984375
4657.73876953125
4263.66015625
4748.208984375
4648.041015625
4799.759765625
4592.42578125
4450.927734375
4321.73095703125
4633.59375
5324.6171875
4651.70263671875
5306.10791015625
4779.9404296875
5128.130859375
5074.19482421875
4604.71533203125
4816.4658203125
4369.1220703125
5440.171875
4663.56982421875
4828.3212890625
4843.560546875
4663.92578125
4560.466796875
4924.51416015625
5046.92626953125
4621.08349609375
5135.2734375
4644.05615234375
4198.76708984375
4903.923828125
4249.57470703125
4574.5185546875
4405.4560546875
4465.6396484375
4555.01513671875
4344.55126953125
5141.22412109375
5026.90673828125
5226.666015625
3981.22509765625
5004.9345703125
4138.6279296875
4639.40869140625
4732.13232421875
5123.12255859375
4280.27001953125
4725.27587890625
4457.86962890625
4909.11376953125
4267.55517578125
5408.453125
4743.9287109375
4244.0478515625
4499.35009765625
4889.30029296875
4641.3759765625
4478.60791015625
4557.66845703125
4486.51025390625
4770.36767578125
5096.5576171875
4305.28076171875
4197.96875
4950.96044921875
4540.646484375
4689.05615234375
4646.14990234375
5076.3525390625
4964.47802734375
5327.5361328125
4537.0390625
4918.29150390625
4736.8779296875
4446.537109375
4530.24267578125
4636.03662109375
5057.1201171875
4700.12890625
4518.1162109375
5145.00244140625
4556.36181640625
4712.16552734375
4541.4228515625
4560.13427734375
5072.13427734375
4851.0498046875
4241.841796875
4738.3466796875
4353.7236328125
4604.80908203125
4766.8173828125
4834.29736328125
4829.93115234375
4889.99560546875
5081.42138671875
4549.94580078125
4018.9189453125
4953.369140625
4909.734375
4753.05078125
4877.2421875
5116.052734375
4673.2265625
4780.19384765625
4422.3603515625
4487.58203125
4827.8916015625
4513.1220703125
4895.5146484375
4423.36181640625
4842.6953125
4587.46044921875
4707.9208984375
5666.763671875
4189.1123046875
4667.1728515625
4466.26904296875
3754.604736328125
4703.162109375
4889.69482421875
4482.17041015625
5151.2421875
4855.37353515625
5022.0234375
4202.30078125
4304.5556640625
4422.708984375
4785.86279296875
4725.2109375
4916.9697265625
4140.4423828125
4468.49462890625
4816.60107421875
4343.7529296875
4594.31982421875
4837.0654296875
4795.4833984375
4720.8544921875
4924.3408203125
3892.683349609375
4618.91357421875
4567.13330078125
4590.13671875
4282.958984375
4491.8505859375
5275.02734375
4492.60986328125
4539.64599609375
4956.34912109375
4615.392578125
4783.88037109375
3837.679443359375
4985.6826171875
4235.07666015625
5147.90283203125
5002.05810546875
4852.96875
4411.74169921875
4722.1328125
4615.31298828125
4575.16796875
4369.24365234375
5285.0439453125
5365.0859375
5085.9501953125
4864.5205078125
4613.29248046875
4168.16943359375
5129.5205078125
4610.04833984375
4369.85302734375
4916.08203125
5029.55029296875
4604.5439453125
4263.64111328125
4272.7578125
4407.53759765625
4385.69482421875
4756.2607421875
5178.6875
4787.11181640625
4800.08447265625
4641.18701171875
4870.0947265625
4043.266357421875
4771.3583984375
4858.77197265625
4984.236328125
4669.328125
4378.650390625
4507.0263671875
4496.55078125
5135.0791015625
5261.61767578125
4488.6064453125
4476.39599609375
4693.56689453125
4253.015625
4165.93212890625
4632.66552734375
5121.2783203125
4666.76025390625
4789.36474609375
4407.46337890625
4265.26806640625
4410.42431640625
4825.59814453125
4299.5380859375
4755.52099609375
4171.02880859375
5122.70361328125
4663.3251953125
4300.2412109375
4552.99462890625
4533.2197265625
5090.716796875
4711.73974609375
3938.223388671875
4396.54248046875
4432.2294921875
4683.23095703125
4395.92431640625
4790.07177734375
5103.02099609375
5028.90869140625
4303.03076171875
5116.03125
4721.947265625
4590.33056640625
4271.8427734375
4385.3974609375
4694.890625
4116.978515625
4633.853515625
4143.97216796875
4684.72119140625
4336.318359375
4587.25
4346.92041015625
4712.025390625
4237.73974609375
4552.857421875
4840.39794921875
4907.3740234375
4467.6494140625
5066.34619140625
4858.3974609375
4495.85107421875
4277.09423828125
4474.18408203125
4581.92919921875
4239.24365234375
4237.12548828125
4685.9560546875
4495.76806640625
4772.42822265625
4893.2470703125
4442.8603515625
4632.42919921875
4556.8251953125
4814.12939453125
4138.96337890625
4776.65625
4843.04443359375
4636.8427734375
4537.115234375
4724.40576171875
4473.2705078125
4618.43408203125
4404.97412109375
4797.365234375
4390.0703125
4342.751953125
4245.44140625
4236.53173828125
4860.30322265625
5025.47509765625
5204.22509765625
4584.2197265625
5037.171875
4787.12841796875
4465.2080078125
4655.708984375
5129.29541015625
4716.0068359375
4607.63330078125
4701.22900390625
5566.64013671875
4622.87353515625
4616.71044921875
4583.6279296875
4976.92578125
4149.79052734375
4618.43603515625
4447.6240234375
4966.734375
5001.19189453125
4160.85791015625
3889.35302734375
4194.1376953125
4404.5263671875
5173.6669921875
4896.6875
4323.5859375
5211.791015625
4222.52001953125
4205.7744140625
4569.54150390625
4512.95751953125
4438.73779296875
4672.373046875
4761.1904296875
4214.9736328125
4189.80908203125
5040.23974609375
4148.1904296875
4041.789306640625
4338.24755859375
4692.7919921875
4462.19873046875
4639.97900390625
4166.35546875
5416.1875
4841.29736328125
4129.30615234375
4342.40673828125
4658.3740234375
4367.8310546875
4123.99755859375
4812.72216796875
4920.7421875
3665.263916015625
4468.9072265625
4355.16162109375
4495.759765625
5093.91552734375
4534.52294921875
3992.3720703125
4282.349609375
4166.037109375
4737.1630859375
4349.59765625
4555.9130859375
4363.1572265625
4022.6103515625
4289.68603515625
4558.84423828125
4735.08642578125
4340.8935546875
4408.34423828125
4867.0400390625
4008.50048828125
4424.46044921875
4794.576171875
4719.93603515625
4674.83154296875
3932.88134765625
5046.10546875
4138.95458984375
4229.9052734375
4607.71630859375
3981.60498046875
4282.6484375
4390.4482421875
4603.69140625
5221.884765625
5439.01708984375
5552.2685546875
5050.83056640625
4446.11328125
4604.23193359375
4258.7431640625
4850.146484375
4575.66748046875
4235.19580078125
4872.97119140625
4862.0263671875
4460.18408203125
4475.73974609375
4671.11572265625
4506.2587890625
4827.54638671875
4362.5107421875
5010.29150390625
4995.55615234375
5110.84814453125
4204.6875
4114.38232421875
4820.2041015625
4383.072265625
4251.51318359375
5087.712890625
4008.68359375
5112.595703125
4880.09765625
4977.69287109375
4757.65283203125
4372.6025390625
4887.103515625
4690.93896484375
4458.64501953125
3960.05712890625
4663.03759765625
5030.2158203125
3832.41455078125
4368.89697265625
4392.10595703125
4863.94287109375
4218.99462890625
4170.880859375
4461.220703125
4777.130859375
4799.77685546875
4802.81640625
4848.10205078125
4936.87451171875
4993.17041015625
4888.7548828125
4372.58984375
4911.158203125
4592.083984375
4562.3125
4308.0009765625
4546.4501953125
4811.1826171875
4561.2890625
4610.98388671875
5223.17919921875
4782.1171875
4737.8857421875
4348.63427734375
5109.541015625
4267.90576171875
4570.8564453125
4633.43359375
4416.48388671875
4621.51171875
4722.2978515625
4818.50390625
4578.5693359375
5032.712890625
4597.0595703125
4935.97705078125
4377.6328125
4643.7880859375
4843.61572265625
5011.29248046875
4714.931640625
5263.35400390625
4847.20947265625
4519.74072265625
4768.3466796875
4927.755859375
4573.83740234375
4878.59130859375
4617.810546875
4819.81884765625
5109.484375
4857.3671875
4839.90966796875
5171.63623046875
4420.26806640625
4447.2529296875
4264.0107421875
4821.83935546875
4666.7080078125
5100.1669921875
5011.7744140625
4733.240234375
4444.875
3893.115234375
4676.43896484375
4500.54296875
4776.908203125
5119.9169921875
4781.841796875
4718.1474609375
4529.13330078125
4508.9326171875
4328.55908203125
5071.54443359375
4215.27734375
5043.08642578125
5007.87109375
4816.52734375
5008.47998046875
4852.98046875
4657.919921875
4523.515625
4397.67041015625
4466.5546875
4262.837890625
4215.96533203125
4389.607421875
5096.22216796875
4141.87890625
4360.03955078125
5033.36572265625
4404.61181640625
4363.0927734375
4927.01513671875
4804.20458984375
4665.97607421875
4719.1181640625
5462.89013671875
4732.41162109375
5072.45849609375
4431.24755859375
4722.849609375
4482.62744140625
5012.83349609375
5104.13427734375
4552.9404296875
4728.0380859375
4599.08349609375
4904.15087890625
4720.9091796875
4795.7265625
4789.86328125
4423.61328125
4556.40576171875
4706.25537109375
4781.1123046875
4290.4892578125
4296.9443359375
5146.44091796875
4787.30517578125
4796.384765625
4403.0205078125
4672.93505859375
4519.4990234375
4574.7626953125
4371.265625
4454.8828125
5207.93359375
4401.3232421875
4768.74609375
4885.015625
5020.72265625
5084.3662109375
4654.74951171875
5333.52978515625
4804.3203125
4485.5400390625
4630.6767578125
4470.3662109375
4705.61572265625
4240.546875
5191.67919921875
5107.5234375
4314.521484375
4001.761962890625
4278.35400390625
4828.6640625
4734.5537109375
4432.10595703125
4344.7578125
4700.15283203125
4431.74658203125
4274.28173828125
4735.06005859375
4891.740234375
4584.48046875
4635.6044921875
5280.82421875
5056.53759765625
5015.625
5053.53515625
5407.1552734375
4572.3388671875
4228.55029296875
4475.603515625
4802.18310546875
5242.15234375
4405.40869140625
4334.982421875
4330.99853515625
4612.80712890625
4368.1787109375
5234.13671875
4413.04833984375
4284.43017578125
4215.45361328125
4727.48681640625
4452.064453125
4393.81884765625
5174.4912109375
4736.5009765625
4239.62841796875
4925.56396484375
4927.701171875
4544.47509765625
4959.89599609375
4722.9228515625
4982.63232421875
4730.52783203125
4689.8173828125
4752.05224609375
5615.525390625
5114.42626953125
4496.767578125
5177.91650390625
4674.849609375
4184.3486328125
4727.3017578125
4833.40234375
5132.13037109375
4424.89794921875
4047.24267578125
4325.98681640625
4614.76513671875
4789.45263671875
4243.529296875
4656.6982421875
4981.33740234375
4330.27294921875
4741.67333984375
4791.03857421875
4912.2744140625
4237.138671875
4709.51025390625
5067.4873046875
4880.8564453125
4775.91552734375
5084.38671875
4896.4345703125
4578.99951171875
4385.53759765625
4667.56591796875
4783.32177734375
4403.6201171875
4449.7734375
4522.30419921875
4499.611328125
4937.8857421875
5115.15087890625
4380.9267578125
4994.46435546875
4419.154296875
4407.794921875
4995.4931640625
4548.79931640625
5110.80029296875
4931.08056640625
4283.9423828125
4444.7333984375
4176.01708984375
4763.02294921875
5673.66943359375
4669.3037109375
4157.8994140625
5027.12109375
5137.5537109375
4726.1005859375
5554.88427734375
3940.411376953125
4267.927734375
4974.87890625
4774.212890625
4777.1767578125
4649.55908203125
4684.14794921875
4371.81396484375
5224.01953125
4434.71875
4490.0205078125
4896.83642578125
4113.77490234375
4510.94873046875
5060.2587890625
4460.02685546875
4595.97119140625
4722.65673828125
4056.6201171875
4713.42041015625
4704.296875
5236.0068359375
4470.29248046875
4618.857421875
4980.40234375
4871.125
4800.95947265625
4700.53125
4834.5888671875
4746.27099609375
4585.7529296875
5285.3681640625
4872.66650390625
5326.09033203125
4898.8115234375
5366.810546875
3763.02587890625
4614.81298828125
5379.26220703125
4616.75537109375
4322.42578125
4690.85400390625
4685.033203125
4469.14404296875
4659.0673828125
5057.708984375
4837.03955078125
4676.36669921875
4830.71142578125
4855.6640625
4675.73876953125
5625.80322265625
4939.15185546875
5080.412109375
5281.392578125
4850.29248046875
5256.7529296875
5482.642578125
5160.033203125
4451.23486328125
5160.01904296875
4577.64697265625
4449.912109375
4623.07177734375
4773.89306640625
4855.6689453125
4779.5556640625
4736.4453125
4894.4423828125
5701.7158203125
4910.56103515625
4446.666015625
4716.603515625
5235.3857421875
5200.37353515625
4639.42724609375
5086.455078125
4894.822265625
5093.1318359375
4597.2294921875
5377.38330078125
4658.0634765625
4742.13671875
4954.28759765625
4214.33154296875
5209.568359375
4664.8525390625
4873.35546875
5029.65478515625
4944.23291015625
4795.48779296875
4617.0390625
4679.20703125
5179.36572265625
4880.220703125
5025.400390625
4503.28857421875
4645.6884765625
5448.193359375
4573.70068359375
4977.34326171875
5163.33642578125
4641.716796875
4942.8349609375
5024.50537109375
4430.54052734375
4143.5830078125
5106.39404296875
4924.12744140625
4381.79736328125
4524.42529296875
4651.30419921875
4711.48583984375
4934.24072265625
4650.501953125
4388.90380859375
4197.525390625
5050.623046875
4845.162109375
5082.4462890625
4989.09326171875
4979.29541015625
5387.51123046875
4387.7451171875
5239.5400390625
4270.58984375
4768.193359375
5194.99072265625
4626.5048828125
4835.69091796875
4760.478515625
5273.31201171875
5122.80859375
5007.9033203125
4788.03369140625
4279.5263671875
4750.60009765625
4949.43505859375
4779.6533203125
4511.25732421875
4872.4501953125
4680.45751953125
4794.673828125
5170.51708984375
4971.8291015625
5268.77685546875
4654.6201171875
4984.626953125
4643.3349609375
5023.970703125
4703.05615234375
5506.671875
5370.19775390625
4542.126953125
4703.89599609375
4812.5126953125
4399.677734375
4792.06884765625
5032.65185546875
5018.6923828125
4854.3564453125
5006.02392578125
4720.15185546875
5105.3408203125
4202.02294921875
