None
None
None
None
None
None
None
None
None
None
None
None
None
None
None
None
None
None
None
None
None
None
None
None
None
None
None
None
None
None
None
None
None
None
None
2235.34228515625
2228.884765625
2224.3388671875
2225.009033203125
2218.28466796875
2227.3955078125
2222.16357421875
2208.664306640625
2209.6181640625
2205.3955078125
2206.923583984375
2203.125
2199.22607421875
2201.9384765625
2193.060791015625
2195.65771484375
2192.035888671875
2189.55322265625
2176.97607421875
2179.48583984375
2176.461181640625
2175.423095703125
2163.80810546875
2167.5546875
2162.2978515625
2158.783935546875
2160.122802734375
2152.045166015625
2148.158203125
2152.076171875
2139.7626953125
2135.68798828125
2132.88623046875
2129.775146484375
2126.741455078125
2124.09814453125
2117.868408203125
2117.1083984375
2110.172119140625
2104.64990234375
2103.293212890625
2092.91748046875
2084.270751953125
2083.07958984375
2081.20849609375
2069.78662109375
2064.84716796875
2053.809814453125
2048.7197265625
2038.3148193359375
2028.7464599609375
2020.124755859375
2016.54150390625
2005.4925537109375
1995.077392578125
1988.2257080078125
1974.5357666015625
1974.577880859375
1964.388427734375
1952.876220703125
1941.070556640625
1936.546142578125
1920.7103271484375
1906.356689453125
1907.0721435546875
1897.6680908203125
1888.2608642578125
1879.118408203125
1863.023681640625
1861.2471923828125
1852.726318359375
1847.8211669921875
1838.4248046875
1821.623291015625
1817.201904296875
1810.54541015625
1797.813232421875
1795.4169921875
1784.5037841796875
1776.1328125
1769.4912109375
1759.1044921875
1751.177001953125
1745.306884765625
1736.089599609375
1733.100830078125
1718.9384765625
1710.941162109375
1702.7772216796875
1698.7117919921875
1689.476806640625
1684.6826171875
1674.0107421875
1671.6513671875
1666.049560546875
1654.624267578125
1647.206298828125
1643.912109375
1636.6451416015625
1628.056396484375
1623.437744140625
1613.86962890625
1609.9254150390625
1600.171875
1602.0968017578125
1590.6810302734375
1584.0599365234375
1580.401611328125
1571.1239013671875
1565.895263671875
1561.54638671875
1551.9658203125
1547.5283203125
1546.5517578125
1542.7255859375
1536.578125
1526.7197265625
1520.01708984375
1516.1314697265625
1506.406982421875
1505.00439453125
1496.739013671875
1493.1727294921875
1486.7808837890625
1481.195556640625
1478.934814453125
1473.4345703125
1467.6866455078125
1460.5609130859375
1462.040771484375
1451.543212890625
1450.6683349609375
1445.5986328125
1439.7626953125
1436.639892578125
1429.275390625
1427.275634765625
1422.0986328125
1417.5400390625
1413.0079345703125
1406.199462890625
1404.958251953125
1406.3740234375
1395.882080078125
1392.7354736328125
1386.320068359375
1387.14501953125
1378.736083984375
1374.8280029296875
1376.826171875
1365.7567138671875
1363.68896484375
1357.872314453125
1356.66162109375
1354.2877197265625
1348.8857421875
1343.4337158203125
1338.36572265625
1341.7374267578125
1335.3756103515625
1329.820556640625
1325.5833740234375
1323.978515625
1319.9266357421875
1316.5406494140625
1317.2508544921875
1310.6060791015625
1306.9154052734375
1306.5189208984375
1300.2939453125
1297.5091552734375
1297.637451171875
1294.59765625
1293.191650390625
1285.255859375
1288.317138671875
1282.112548828125
1277.6851806640625
1274.5797119140625
1276.02392578125
1270.58935546875
1266.5484619140625
1265.2103271484375
1266.75244140625
1259.02001953125
1264.948486328125
1256.6767578125
1255.1446533203125
1250.573486328125
1254.70703125
1247.944091796875
1244.867919921875
1242.3343505859375
1240.22412109375
1240.7191162109375
1234.6640625
1234.0224609375
1232.52587890625
1231.6201171875
1229.9852294921875
1222.7919921875
1223.2060546875
1220.461669921875
1218.298828125
1219.736572265625
1218.48681640625
1212.56591796875
1213.540283203125
1207.556396484375
1213.4444580078125
1204.63720703125
1204.977783203125
1207.3056640625
1200.75732421875
1202.2587890625
1199.4981689453125
1195.5301513671875
1197.12890625
1195.4410400390625
1195.565673828125
1192.0545654296875
1189.6923828125
1187.20166015625
1189.631103515625
1182.07275390625
1184.5047607421875
1184.7835693359375
1179.820556640625
1183.868408203125
1180.2879638671875
1177.730712890625
1178.2122802734375
1175.060302734375
1172.368408203125
1170.492431640625
1169.9954833984375
1168.198486328125
1165.8411865234375
1166.404541015625
1171.389404296875
1168.66455078125
1165.794189453125
1160.8265380859375
1164.5177001953125
1159.184326171875
1164.411865234375
1162.572509765625
1160.3348388671875
1154.765380859375
1156.135986328125
1155.309326171875
1157.0802001953125
1153.783935546875
1154.03857421875
1152.85791015625
1150.474853515625
1149.548095703125
1153.36962890625
1149.8546142578125
1144.304931640625
1148.540771484375
1144.5771484375
1143.9273681640625
1144.816650390625
1144.73291015625
1142.34033203125
1145.476318359375
1141.2808837890625
1141.6688232421875
1141.789794921875
1140.5064697265625
1137.4169921875
1136.944091796875
1137.232177734375
1136.2933349609375
1139.21240234375
1133.88232421875
1133.70166015625
1134.304443359375
1133.4620361328125
1131.94775390625
1133.7174072265625
1131.1064453125
1131.999755859375
1128.8043212890625
1127.685546875
1125.875732421875
1128.5999755859375
1124.4080810546875
1128.97900390625
1127.05908203125
1127.2568359375
1125.03662109375
1128.64501953125
1125.29638671875
1125.6080322265625
1125.878173828125
1122.88916015625
1123.8109130859375
1123.59423828125
1125.1888427734375
1119.66943359375
1122.9625244140625
1118.84619140625
1124.13525390625
1117.8193359375
1120.12939453125
1118.7645263671875
1123.053955078125
1116.8515625
1117.9127197265625
1116.562744140625
1119.537109375
1114.6842041015625
1119.327880859375
1117.915771484375
1119.719482421875
1116.63427734375
1119.5595703125
1116.761474609375
1115.594970703125
1115.253173828125
1115.4365234375
1115.1595458984375
1119.1627197265625
1112.5775146484375
1113.227783203125
1113.156005859375
1113.705322265625
1111.4990234375
1114.58935546875
1116.30517578125
1110.8651123046875
1109.1065673828125
1112.109130859375
1111.2060546875
1112.5576171875
1114.21337890625
1111.238525390625
1111.8668212890625
1112.5218505859375
1109.1800537109375
1111.1337890625
1114.226806640625
1109.0950927734375
1109.650390625
1108.0743408203125
1109.3734130859375
1110.2845458984375
1108.396728515625
1108.646240234375
1109.11376953125
1112.731201171875
1107.767333984375
1110.095458984375
1110.0341796875
1107.567626953125
1110.5809326171875
1108.36181640625
1107.355712890625
1107.901611328125
1107.2064208984375
1108.6357421875
1109.8023681640625
1107.482177734375
1110.0423583984375
1103.8984375
1111.23095703125
1103.663330078125
1106.16748046875
1112.389404296875
1108.313232421875
1105.822509765625
1107.519775390625
1107.6685791015625
1108.06689453125
1106.353271484375
1105.605224609375
1105.1309814453125
1112.14501953125
1108.302001953125
1109.0911865234375
1106.452392578125
1107.047119140625
1109.50537109375
1106.3157958984375
1106.894287109375
1105.9384765625
1102.235595703125
1107.0694580078125
1109.698974609375
1107.3310546875
1108.60888671875
1104.5806884765625
1105.91796875
1109.3360595703125
1106.8436279296875
1111.020263671875
1105.03857421875
1106.704833984375
1104.120361328125
1106.90771484375
1106.662353515625
1107.9434814453125
1109.307861328125
1109.1375732421875
1108.1004638671875
1106.6806640625
1106.282958984375
1107.039306640625
1105.791748046875
1105.740966796875
1106.131103515625
1109.258056640625
1104.070068359375
1104.386474609375
1105.993896484375
1108.532958984375
1108.671630859375
1105.4302978515625
1104.98583984375
1106.345458984375
1110.274169921875
1105.0491943359375
1107.8924560546875
1107.6802978515625
1105.0115966796875
1107.653076171875
1103.258544921875
1106.1865234375
1109.19970703125
1105.9832763671875
1105.0712890625
1106.4376220703125
1108.7998046875
1106.515380859375
1106.223388671875
1110.5029296875
1109.463134765625
1108.665771484375
1110.122802734375
1106.70654296875
1106.64453125
1108.237060546875
1105.2530517578125
1106.21875
1108.491943359375
1105.3740234375
1106.279052734375
1110.42822265625
1104.294677734375
1105.951416015625
1107.7900390625
1105.167724609375
1105.8963623046875
1108.967041015625
1108.97802734375
1105.94482421875
1104.7750244140625
1104.643310546875
1108.1142578125
1106.6207275390625
1107.3720703125
1110.494384765625
1105.3580322265625
1104.12890625
1105.55419921875
1105.82421875
1106.3896484375
1108.42431640625
1107.43212890625
1106.482666015625
1106.781494140625
1105.54052734375
1106.2877197265625
1102.6456298828125
1105.3154296875
1106.359130859375
1110.515869140625
1105.104736328125
1104.429443359375
1102.8349609375
1107.6689453125
1107.3804931640625
1104.379638671875
1105.22705078125
1104.322509765625
1104.792724609375
1105.3397216796875
1109.798828125
1104.96435546875
1112.4990234375
1106.3319091796875
1102.40576171875
1101.604736328125
1106.3067626953125
1108.604248046875
1104.675048828125
1107.25537109375
1105.8480224609375
1106.276123046875
1107.633544921875
1103.98486328125
1109.0244140625
1101.06884765625
1104.33642578125
1108.917236328125
1104.55517578125
1106.6484375
1105.32666015625
1105.5927734375
1106.1444091796875
1108.7735595703125
1105.71728515625
1103.796630859375
1105.04541015625
1103.6915283203125
1110.26318359375
1104.9876708984375
1106.82421875
1109.43310546875
1106.613037109375
1101.9072265625
1107.4832763671875
1103.7421875
1104.3282470703125
1105.424072265625
1108.223388671875
1106.5419921875
1104.977294921875
1104.80517578125
1105.6539306640625
1105.04052734375
1108.057861328125
1100.424072265625
1104.539306640625
1103.6412353515625
1105.4073486328125
1102.75537109375
1104.082763671875
1107.6160888671875
1105.613037109375
1100.78662109375
1102.776123046875
1105.1953125
1102.736328125
1103.6943359375
1101.22119140625
1104.66064453125
1103.730712890625
1107.048828125
1104.3919677734375
1105.095703125
1099.8701171875
1105.9168701171875
1106.623291015625
1105.568359375
1102.984130859375
1103.731201171875
1104.1328125
1106.323486328125
1105.974853515625
1103.16064453125
1103.49365234375
1103.5361328125
1106.702880859375
1103.823486328125
1104.587158203125
1100.5799560546875
1101.66162109375
1101.0257568359375
1105.6790771484375
1104.267333984375
1103.482666015625
1103.3997802734375
1108.17333984375
1105.4716796875
1102.132568359375
1106.2535400390625
1105.7630615234375
1102.305908203125
1103.34619140625
1105.051513671875
1107.314697265625
1102.865966796875
1103.5760498046875
1105.819091796875
1104.06591796875
1102.41552734375
1103.8641357421875
1105.9019775390625
1107.2203369140625
1101.221435546875
1104.350341796875
1104.552490234375
1107.2415771484375
1100.927734375
1105.305908203125
1104.376220703125
1105.295654296875
1103.56982421875
1102.60595703125
1109.419189453125
1101.2041015625
1105.30859375
1104.23095703125
1105.376708984375
1101.6602783203125
1104.95751953125
1104.94580078125
1106.455810546875
1100.969482421875
1105.645751953125
1102.1787109375
1106.9674072265625
1102.2545166015625
1100.357421875
1104.3095703125
1109.421142578125
1102.074951171875
1103.890869140625
1101.427978515625
1100.908203125
1106.211669921875
1105.1058349609375
1102.03369140625
1107.10302734375
1104.395751953125
1105.859130859375
1102.8013916015625
1105.5240478515625
1102.697265625
1102.3531494140625
1104.4476318359375
1101.638916015625
1103.4200439453125
1105.978515625
1101.402099609375
1104.352294921875
1101.96484375
1105.694091796875
1103.8922119140625
1103.171875
1104.0775146484375
1104.09228515625
1103.4541015625
1102.335693359375
1103.79052734375
1103.7265625
1104.998046875
1103.73876953125
1103.26123046875
1101.413330078125
1104.511962890625
1105.1505126953125
1102.278564453125
1099.934814453125
1099.76416015625
1100.60205078125
1101.973876953125
1103.8880615234375
1101.79736328125
1103.5406494140625
1103.697509765625
1101.5079345703125
1105.431640625
1105.5394287109375
1105.325927734375
1103.625
1102.8323974609375
1102.924560546875
1102.0849609375
1101.090576171875
1101.9708251953125
1103.19287109375
1102.9583740234375
1099.832275390625
1101.6258544921875
1103.572509765625
1103.4521484375
1106.5166015625
1106.220458984375
1102.7132568359375
1101.8985595703125
1098.8150634765625
1101.3985595703125
1102.87744140625
1103.7003173828125
1106.55908203125
1102.141845703125
1100.1004638671875
1103.680419921875
1104.056884765625
1099.8463134765625
1106.842529296875
1101.655029296875
1103.3421630859375
1103.440673828125
1099.644775390625
1102.7454833984375
1104.947265625
1102.12841796875
1100.5582275390625
1104.066650390625
1103.4447021484375
1101.65966796875
1103.7235107421875
1101.5072021484375
1098.428466796875
1101.44091796875
1101.131591796875
1102.087646484375
1103.379638671875
1101.9671630859375
1103.72265625
1105.3934326171875
1100.769775390625
1104.021728515625
1101.67626953125
1104.1929931640625
1102.18701171875
1099.309326171875
1101.7113037109375
1102.39501953125
1100.890380859375
1105.597900390625
1102.4361572265625
1102.5238037109375
1100.332763671875
1100.5511474609375
1104.3126220703125
1100.6917724609375
1101.9117431640625
1100.471435546875
1105.6583251953125
1100.3695068359375
1102.638427734375
1101.114990234375
1101.9642333984375
1101.10009765625
1104.722900390625
1103.5565185546875
1104.086181640625
1103.401611328125
1104.6923828125
1103.7542724609375
1101.826904296875
1103.6966552734375
1105.770263671875
1101.0550537109375
1102.9310302734375
1103.917236328125
1105.4271240234375
1100.7894287109375
1101.275634765625
1102.286376953125
1103.3818359375
1100.68994140625
1101.4066162109375
1099.997802734375
1103.09423828125
1102.7667236328125
1102.531005859375
1103.5234375
1102.0877685546875
1103.62646484375
1102.234130859375
1100.0301513671875
1103.0487060546875
1102.18603515625
1103.8563232421875
1102.6337890625
1100.7479248046875
1103.727294921875
1101.0589599609375
1100.72705078125
1102.786376953125
1100.5989990234375
1103.0504150390625
1102.24853515625
1102.8975830078125
1100.950927734375
1100.5673828125
1104.3037109375
1100.1424560546875
1102.542724609375
1106.4176025390625
1105.0701904296875
1099.9097900390625
1101.57080078125
1103.2193603515625
1099.522705078125
1101.23193359375
1101.0478515625
1103.31689453125
1102.5325927734375
1102.887939453125
1101.604248046875
1099.66357421875
1101.6416015625
1098.741455078125
1103.953125
1101.5712890625
1101.7525634765625
1103.6326904296875
1103.351806640625
1102.718505859375
1098.68603515625
1101.9197998046875
1106.6292724609375
1102.110595703125
1100.35791015625
1102.1002197265625
1101.96044921875
1099.648193359375
1102.5714111328125
1103.0467529296875
1098.966796875
1102.506103515625
1102.142578125
1101.974609375
1098.367431640625
1104.19091796875
1099.89208984375
1101.7593994140625
1105.533203125
1099.783935546875
1100.8302001953125
1102.6898193359375
1098.96240234375
1101.249267578125
1103.5931396484375
1099.0753173828125
1097.224853515625
1102.966552734375
1099.134033203125
1102.2337646484375
1101.28759765625
1101.1116943359375
1100.073486328125
1100.7938232421875
1101.8699951171875
1100.4903564453125
1101.9832763671875
1103.439453125
1102.8311767578125
1099.13623046875
1102.0799560546875
1101.8609619140625
1099.879638671875
1099.08349609375
1098.8526611328125
1102.4403076171875
1101.433349609375
1100.5506591796875
1098.5364990234375
1102.0230712890625
1098.2530517578125
1106.0518798828125
1103.905029296875
1099.5906982421875
1103.896484375
1101.581787109375
1103.251953125
1101.9493408203125
1099.0390625
1100.6463623046875
1098.671142578125
1099.4503173828125
1098.23046875
1100.373779296875
1098.47705078125
1101.787109375
1101.87744140625
1101.820556640625
1100.74658203125
1102.151611328125
1100.6181640625
1098.439697265625
1097.7412109375
1101.5875244140625
1103.4921875
1102.27880859375
1103.780517578125
1097.144775390625
1101.2724609375
1099.29833984375
1102.1737060546875
1101.31298828125
1098.5157470703125
1101.383056640625
1098.190673828125
1101.5106201171875
1103.545654296875
1100.17724609375
1101.9940185546875
1101.33251953125
1098.4410400390625
1099.472900390625
1100.78515625
1103.2510986328125
1100.0032958984375
1101.3162841796875
1100.88623046875
1101.726806640625
1099.6971435546875
1100.30517578125
1098.30810546875
1101.171630859375
1098.181640625
1101.152099609375
1104.712890625
1102.359375
1098.788330078125
1101.8837890625
1102.29736328125
1102.1881103515625
1101.136474609375
1100.98779296875
1101.94091796875
1101.216552734375
1098.285400390625
1100.46533203125
1101.7010498046875
1101.701171875
1100.1217041015625
1099.8165283203125
1098.29638671875
1101.095703125
1102.4742431640625
1101.912109375
1100.418212890625
1097.1434326171875
1097.6668701171875
1102.1868896484375
1099.640380859375
1099.058349609375
1101.7509765625
1103.890380859375
1103.072021484375
1098.1142578125
1099.2335205078125
1100.6759033203125
1098.650634765625
1099.5865478515625
1097.59423828125
1100.586669921875
1099.848876953125
1102.54052734375
1099.8026123046875
1102.5966796875
1101.09912109375
1102.78271484375
1099.871826171875
1098.2213134765625
1099.6197509765625
1096.92919921875
1100.838134765625
1097.8935546875
1099.244384765625
1099.644287109375
1102.947509765625
1099.573486328125
1099.1617431640625
1099.873291015625
1100.2060546875
1098.7039794921875
1099.2135009765625
1098.328125
1100.489501953125
1099.606689453125
1098.61474609375
1097.7685546875
1096.784912109375
1097.460205078125
1100.5166015625
1098.054931640625
1099.224609375
1098.923583984375
1099.1806640625
1099.677490234375
1099.117431640625
1099.910400390625
1098.6591796875
1099.657958984375
1100.4305419921875
1100.38232421875
1098.73095703125
1100.3154296875
1098.7725830078125
1099.693603515625
1100.099609375
1099.340087890625
1097.135498046875
1095.88427734375
1100.073974609375
1096.796875
1101.5418701171875
1101.14111328125
1098.947998046875
1100.64453125
1098.233642578125
1099.403564453125
1099.5877685546875
1099.802001953125
1103.162109375
1094.953369140625
1099.69921875
1098.7938232421875
1098.2750244140625
1096.2705078125
1098.912353515625
1101.309326171875
1101.9698486328125
1098.4251708984375
1099.2249755859375
1095.4371337890625
1100.8814697265625
1098.9908447265625
1097.6822509765625
1099.966796875
1094.7398681640625
1099.5406494140625
1097.049560546875
1099.2667236328125
1101.2022705078125
1098.4649658203125
1096.3387451171875
1102.5621337890625
1099.279296875
1097.021240234375
1099.01025390625
1100.8453369140625
1099.2100830078125
1097.4766845703125
1100.8067626953125
1097.3983154296875
1099.249267578125
1100.112060546875
1095.126220703125
1097.9949951171875
1099.3746337890625
1101.849853515625
1098.8455810546875
1100.1019287109375
1100.888671875
1099.859619140625
1100.1708984375
1101.40185546875
1095.5123291015625
1097.315185546875
1098.3101806640625
1099.6129150390625
1099.51220703125
1098.074951171875
1099.7451171875
1094.7296142578125
1095.930908203125
1096.64453125
1099.21923828125
1097.7437744140625
1095.7857666015625
1099.83837890625
1098.6929931640625
1098.992431640625
1098.344970703125
1097.826904296875
1101.577880859375
1097.9674072265625
1097.6060791015625
1099.370361328125
1098.087158203125
1098.26025390625
1098.364501953125
1099.60205078125
1092.9046630859375
1097.228271484375
1097.072509765625
1096.150390625
1094.7794189453125
1098.4091796875
1096.901611328125
1097.784423828125
1097.075927734375
1095.6260986328125
1097.5552978515625
1095.6837158203125
1098.369384765625
1098.515380859375
1096.2581787109375
1095.625
1095.8525390625
1096.790283203125
1098.728759765625
1098.8570556640625
1098.117431640625
1099.9090576171875
1096.314697265625
1098.01953125
1095.68994140625
1099.707763671875
1093.7220458984375
1095.038330078125
1093.7978515625
1099.1826171875
1096.70703125
1096.89453125
1096.640625
1099.94287109375
1097.1435546875
1100.1783447265625
1099.3460693359375
1099.72802734375
1100.19921875
1098.95263671875
1098.989990234375
1098.2928466796875
1098.370361328125
1097.9283447265625
1098.6396484375
1096.8642578125
1097.028564453125
1098.44189453125
1098.606689453125
1096.6796875
1098.4581298828125
1096.249755859375
1096.990966796875
1094.823974609375
1099.046142578125
1097.1025390625
1096.51806640625
1096.848388671875
1096.4794921875
1099.130859375
1096.53466796875
1096.3975830078125
1098.868896484375
1099.732177734375
1100.6748046875
1095.751953125
1096.610107421875
1096.5787353515625
1101.762939453125
1098.9305419921875
1099.373291015625
1098.739990234375
1095.393798828125
1099.203857421875
1097.07373046875
1095.64013671875
1098.046630859375
1096.3255615234375
1099.15185546875
1097.479736328125
1097.6513671875
1098.8046875
1096.98779296875
1099.61279296875
1094.61376953125
1097.7178955078125
1098.853759765625
1099.5009765625
1093.7567138671875
1097.2679443359375
1098.7554931640625
1097.725830078125
1094.317626953125
1095.505615234375
1097.809326171875
1097.322265625
1093.34619140625
1099.416259765625
1095.427001953125
1095.9664306640625
1098.8994140625
1097.744873046875
1094.85009765625
1095.403076171875
1097.22998046875
1097.0821533203125
1098.803955078125
1096.9364013671875
1095.93701171875
1098.793212890625
1096.7850341796875
1095.3848876953125
1096.221923828125
1096.972412109375
1096.3455810546875
1095.3226318359375
1097.441162109375
1096.38916015625
1098.8740234375
1098.051513671875
1095.9951171875
1098.126708984375
1094.6795654296875
1094.56396484375
1096.27978515625
1096.68701171875
1094.632568359375
1098.6123046875
1096.494140625
1097.844970703125
1094.6749267578125
1096.139404296875
1098.546142578125
1096.564453125
1097.552490234375
1096.549072265625
1097.8125
1095.408447265625
1095.33642578125
1093.48291015625
1095.675537109375
1096.9490966796875
1095.739501953125
1095.996826171875
1095.286376953125
1097.0087890625
1101.190673828125
1096.6812744140625
1096.999267578125
1094.48681640625
1097.4725341796875
1096.0482177734375
1096.038330078125
1095.508056640625
1096.94140625
1097.222900390625
1094.94775390625
1097.8140869140625
1096.8253173828125
1098.7196044921875
1098.0264892578125
1097.2498779296875
1096.695068359375
1097.081787109375
1098.6427001953125
1098.3809814453125
1094.89306640625
1096.522216796875
1097.054931640625
1096.55517578125
1096.17578125
1095.6939697265625
1099.358154296875
1094.6356201171875
1098.4202880859375
1098.3287353515625
1097.9140625
1093.419921875
1098.453857421875
1096.99560546875
1098.6688232421875
1096.597900390625
1096.591796875
1096.5269775390625
1096.53369140625
1095.96044921875
1094.2078857421875
1098.720947265625
1092.828857421875
1093.2308349609375
1094.5081787109375
1092.1668701171875
1093.80419921875
1095.0860595703125
1095.920166015625
1095.221435546875
1094.579345703125
1095.5986328125
1092.9166259765625
1092.427490234375
1096.2679443359375
1094.8472900390625
1096.5540771484375
1095.152587890625
1097.6585693359375
1096.3558349609375
1098.11962890625
1095.1783447265625
1097.41162109375
1097.6822509765625
1095.59423828125
1098.7333984375
1093.01220703125
1097.108642578125
1093.93212890625
1095.2886962890625
1097.0146484375
1094.58154296875
1095.6865234375
1096.819580078125
1099.4910888671875
1096.78271484375
1094.433837890625
1096.12548828125
1093.693359375
1095.6458740234375
1096.036376953125
1092.1240234375
1096.671875
1095.412353515625
1094.6685791015625
1094.9110107421875
1092.99755859375
1094.69482421875
1095.41259765625
1095.8656005859375
1097.661865234375
1094.592041015625
1096.5882568359375
1095.75048828125
1095.29833984375
1095.7373046875
1095.2578125
1095.8173828125
1096.6287841796875
1095.692138671875
1098.4251708984375
1097.413818359375
1097.2196044921875
1095.2943115234375
1096.974609375
1096.2392578125
1093.20263671875
1093.597900390625
1095.062255859375
1092.74560546875
1094.4652099609375
1097.400634765625
1097.3963623046875
1091.7320556640625
1095.740966796875
1093.125
1094.892578125
1094.30224609375
1095.4061279296875
1094.6109619140625
1094.240478515625
1094.109130859375
1092.0357666015625
1094.6624755859375
1096.63818359375
1093.8626708984375
1093.37158203125
1096.84814453125
1094.8802490234375
1093.382080078125
1095.05078125
1093.1611328125
1096.661376953125
1097.2420654296875
1093.626953125
1093.4140625
1095.3487548828125
1095.2677001953125
1094.7041015625
1093.6644287109375
1094.2850341796875
1093.997314453125
1097.5723876953125
1096.93017578125
1094.18505859375
1094.6019287109375
1096.4307861328125
1095.905029296875
1094.5
1096.7498779296875
1094.49267578125
1094.865234375
1097.13671875
1094.56005859375
1093.374267578125
1093.1090087890625
1093.63427734375
1094.52587890625
1094.131591796875
1094.748779296875
1094.38623046875
1093.558837890625
1097.275146484375
1095.0635986328125
1095.952392578125
1096.486083984375
1094.52001953125
1092.639404296875
1094.009765625
1095.041259765625
1094.395751953125
1093.31494140625
1094.0166015625
1094.75390625
1095.4609375
1093.084716796875
1094.7884521484375
1093.88330078125
1093.8338623046875
1094.1217041015625
1095.553466796875
1094.6220703125
1092.98291015625
1093.132568359375
1097.3914794921875
1093.34130859375
1093.765625
1095.5709228515625
1093.49560546875
1096.527587890625
1096.997802734375
1093.75634765625
1094.939697265625
1091.8128662109375
1093.63037109375
1094.89794921875
1093.012939453125
1093.30126953125
1093.966552734375
1093.59912109375
1092.8912353515625
1091.14453125
1090.1864013671875
1092.410888671875
1093.311279296875
1094.4320068359375
1092.2901611328125
1095.952880859375
1093.535888671875
1093.859375
1094.4036865234375
1093.916015625
1094.29931640625
1095.26611328125
1094.452392578125
1094.7264404296875
1091.62158203125
1095.303955078125
1091.908935546875
1091.569580078125
1092.43212890625
1093.2783203125
1093.0733642578125
1095.469482421875
1094.0859375
1096.9759521484375
1092.64990234375
1092.771484375
1092.067626953125
1093.61279296875
1091.61474609375
1094.8992919921875
1094.2158203125
1094.794921875
1092.863525390625
1095.073486328125
1095.8408203125
1089.80322265625
1092.735595703125
1095.18896484375
1091.958740234375
1093.85546875
1093.3304443359375
1092.521484375
1095.4822998046875
1095.277587890625
1097.8350830078125
1096.1956787109375
1093.4522705078125
1090.4705810546875
1093.5821533203125
1094.275146484375
1093.275634765625
1093.6368408203125
1093.9091796875
1097.4471435546875
1096.200439453125
1092.978759765625
1093.260009765625
1094.97216796875
1094.352783203125
1094.2406005859375
1091.9794921875
1092.3128662109375
1095.73046875
1094.54541015625
1095.8597412109375
1092.828369140625
1091.27587890625
1094.430908203125
1093.373046875
1091.319580078125
1092.8055419921875
1095.2296142578125
1091.36865234375
1094.718017578125
1093.414794921875
1092.5302734375
1092.390380859375
1090.3251953125
1093.0177001953125
1093.8885498046875
1092.9395751953125
1093.227294921875
1092.541748046875
1091.7138671875
1092.9853515625
1092.24365234375
1091.620361328125
1094.0960693359375
1093.584716796875
1092.04833984375
1092.5849609375
1092.30078125
1094.6136474609375
1092.60693359375
1093.949462890625
1094.67431640625
1094.3770751953125
1089.123291015625
1095.72998046875
1092.495849609375
1092.8369140625
1095.331298828125
1091.561767578125
1089.38525390625
1093.6507568359375
1092.0384521484375
1094.102783203125
1092.546142578125
1093.05517578125
1092.099609375
1092.86279296875
1094.00244140625
1092.935546875
1093.341064453125
1091.1845703125
1092.1868896484375
1094.474853515625
1093.1866455078125
1092.5233154296875
1091.771484375
1093.589111328125
1091.7078857421875
1095.30419921875
1091.83837890625
1092.040771484375
1095.1807861328125
1089.7210693359375
1093.279052734375
1093.228515625
1094.7021484375
1094.2294921875
1091.3623046875
1093.537841796875
1090.7789306640625
1093.49072265625
1091.9285888671875
1092.727783203125
1092.4580078125
1094.6561279296875
1093.407470703125
1093.83154296875
1092.2734375
1097.15625
1092.4700927734375
1090.9783935546875
1093.0928955078125
1089.915771484375
1091.8759765625
1091.8408203125
1092.2027587890625
1095.7889404296875
1092.263671875
1095.2752685546875
1093.718994140625
1089.8770751953125
1094.37060546875
1094.294921875
1093.436279296875
1092.684814453125
1092.9765625
1090.6407470703125
1093.415771484375
1093.466064453125
1095.110595703125
1090.2340087890625
1095.599853515625
1089.931884765625
1091.532958984375
1090.9794921875
1091.732177734375
1090.615966796875
1094.091552734375
1093.0574951171875
1089.6678466796875
1092.44873046875
1092.04443359375
1092.177978515625
1092.4259033203125
1093.8726806640625
1089.75634765625
1093.189208984375
1091.1077880859375
1092.243896484375
1091.080078125
1092.6171875
1089.00244140625
1091.570068359375
1090.5950927734375
1090.220703125
1090.1787109375
1092.919677734375
1093.274658203125
1093.11865234375
1092.71044921875
1090.6484375
1092.1729736328125
1089.8626708984375
1088.0084228515625
1090.338134765625
1093.3839111328125
1090.203857421875
1092.0450439453125
1092.5860595703125
1090.138427734375
1089.158447265625
1091.2562255859375
1092.1090087890625
1090.544921875
1093.6005859375
1091.184814453125
1089.7618408203125
1090.8646240234375
1092.156982421875
1091.934326171875
1092.7578125
1093.03515625
1090.49365234375
1092.4588623046875
1094.287109375
1091.3397216796875
1091.55615234375
1095.02880859375
1092.755126953125
1092.816650390625
1090.6107177734375
1091.347412109375
1097.0089111328125
1090.33447265625
1094.0958251953125
1092.88916015625
1090.995361328125
1096.00390625
1092.4375
1094.59423828125
1094.14013671875
1092.146484375
1093.48486328125
1092.880859375
1095.9180908203125
1093.8155517578125
1092.010498046875
1091.1103515625
1094.776123046875
1090.3028564453125
1093.239990234375
1090.411376953125
1089.6363525390625
1091.3720703125
1094.0140380859375
1093.96240234375
1089.9498291015625
1089.972412109375
1092.39697265625
1091.9171142578125
1094.0828857421875
1092.1788330078125
1088.252197265625
1088.007568359375
1093.2130126953125
1091.136962890625
1088.3087158203125
1093.55615234375
1093.58984375
1090.13037109375
1092.514892578125
1092.658203125
1092.957763671875
1090.101806640625
1092.12353515625
1090.7620849609375
1092.408447265625
1089.4912109375
1090.517578125
1090.054931640625
1094.578369140625
1089.952392578125
1087.99951171875
1092.825439453125
1090.73583984375
1092.5430908203125
1093.0338134765625
1093.4713134765625
1092.474609375
1091.249755859375
1092.010009765625
1092.5439453125
1091.981201171875
1091.963623046875
1091.4439697265625
1091.2490234375
1089.694580078125
1091.6378173828125
1093.272705078125
1092.6759033203125
1087.99267578125
1090.87158203125
1089.2034912109375
1095.88427734375
1090.60693359375
1088.679931640625
1088.41455078125
1091.927978515625
1091.6181640625
1092.1466064453125
1090.2060546875
1091.623046875
1093.99658203125
1094.515625
1091.457275390625
1092.0194091796875
1090.021484375
1091.7513427734375
1092.9656982421875
1089.109375
1093.9774169921875
1090.2066650390625
1091.716064453125
1091.1416015625
1091.2939453125
1090.6934814453125
1093.3583984375
1088.44287109375
1088.8935546875
1090.2052001953125
1089.04150390625
1092.57958984375
1091.730712890625
1089.273193359375
1092.27392578125
1093.5557861328125
1089.4466552734375
1090.4683837890625
1090.84033203125
1093.92529296875
1086.416015625
1091.912841796875
1091.965576171875
1091.376953125
1089.40673828125
1087.314697265625
1088.1142578125
1094.889404296875
1089.84716796875
1089.31201171875
1093.6292724609375
1088.9158935546875
1092.6522216796875
1089.3309326171875
1091.784423828125
1091.31298828125
1093.935546875
1088.365478515625
1092.3360595703125
1092.06884765625
1092.40087890625
1088.75146484375
1093.188720703125
1091.963134765625
1091.040771484375
1089.842041015625
1088.083740234375
1088.24658203125
1088.4619140625
1094.29296875
1087.7991943359375
1088.015625
1089.603759765625
1087.12841796875
1089.9183349609375
1088.7791748046875
1089.8280029296875
1092.083740234375
1090.28076171875
1092.3319091796875
1090.59326171875
1089.4359130859375
1087.8316650390625
1092.200927734375
1087.8289794921875
1093.572509765625
1090.625244140625
1091.24267578125
1090.9835205078125
1089.160400390625
1089.324951171875
1088.7464599609375
1088.7890625
1089.527587890625
1090.30615234375
1092.4898681640625
1088.1243896484375
1090.264404296875
1089.628662109375
1090.6002197265625
1091.806884765625
1091.23974609375
1089.6009521484375
1091.51513671875
1091.146240234375
1089.3828125
1086.48486328125
1090.6114501953125
1087.9761962890625
1091.736328125
1089.831787109375
1091.3992919921875
1091.58154296875
1094.826904296875
1092.787353515625
1087.9324951171875
1091.79638671875
1089.862548828125
1090.083984375
1089.787353515625
1086.591796875
1088.0477294921875
1089.9771728515625
1086.990478515625
1090.869140625
1090.3272705078125
1089.17236328125
1086.531494140625
1090.6527099609375
1088.0755615234375
1091.874755859375
1090.5589599609375
1088.184326171875
1090.320556640625
1092.3265380859375
1090.8485107421875
1089.9892578125
1089.09814453125
1087.976318359375
1087.425537109375
1090.945556640625
1091.075927734375
1094.1163330078125
1090.3441162109375
1088.8424072265625
1085.50341796875
1087.9212646484375
1093.5462646484375
1089.2392578125
1088.917236328125
1088.481689453125
1088.8984375
1088.425537109375
1087.72216796875
1087.693359375
1089.370849609375
1093.439453125
1089.092529296875
1090.651611328125
1084.880615234375
1091.4822998046875
1088.0892333984375
1088.492919921875
1092.40185546875
1089.924072265625
1089.4365234375
1088.9556884765625
1088.276611328125
1091.2994384765625
1091.2265625
1088.507568359375
1088.8441162109375
1091.955078125
1086.931396484375
1088.942138671875
1089.792724609375
1087.399658203125
1090.5762939453125
1092.574462890625
1089.8927001953125
1090.5179443359375
1090.27783203125
1086.359375
1089.85888671875
1089.8790283203125
1091.154052734375
1087.56884765625
1087.9085693359375
1086.2935791015625
1086.42919921875
1088.5526123046875
1087.3515625
1088.09716796875
1086.76171875
1088.3658447265625
1089.3446044921875
1086.734619140625
1088.405517578125
1086.9755859375
1089.280517578125
1089.2685546875
1088.1575927734375
1092.459228515625
1088.6866455078125
1087.1728515625
1090.164794921875
1089.129150390625
1088.85205078125
1086.393310546875
1088.6611328125
1088.680419921875
1094.493896484375
1088.06201171875
1088.8353271484375
1087.9532470703125
1089.8795166015625
1087.161376953125
1089.4759521484375
1086.43017578125
1087.6610107421875
1090.6988525390625
1086.086669921875
1091.7120361328125
1088.600830078125
1088.5078125
1089.0576171875
1087.4765625
1086.4842529296875
1085.8946533203125
1088.28759765625
1088.6495361328125
1093.9600830078125
1089.62451171875
1088.41943359375
1090.32080078125
1090.3857421875
1085.6971435546875
1086.671630859375
1087.84130859375
1090.49267578125
1088.6240234375
1086.4091796875
1089.299072265625
1090.06689453125
1088.8736572265625
1087.995849609375
1085.373291015625
1088.775146484375
1085.59326171875
1085.642822265625
1090.9642333984375
1090.55322265625
1087.37158203125
1091.8489990234375
1088.390380859375
1088.08740234375
1091.2628173828125
1090.491943359375
1086.149658203125
1085.87646484375
1088.4541015625
1087.63720703125
1089.662353515625
1090.82373046875
1088.989013671875
1085.9481201171875
1087.3909912109375
1085.326171875
1089.1334228515625
1086.782958984375
1092.2332763671875
1083.9813232421875
1087.401123046875
1088.7943115234375
1089.8720703125
1087.874267578125
1084.8414306640625
1087.68603515625
1084.908935546875
1089.7353515625
1088.90771484375
1086.277099609375
1086.748291015625
1085.202392578125
1085.796630859375
1087.0128173828125
1085.56103515625
1088.703125
1087.909423828125
1089.165283203125
1086.406982421875
1087.8387451171875
1084.80029296875
1087.73046875
1087.158203125
1084.877685546875
1086.6884765625
1083.893310546875
1083.68310546875
1085.3641357421875
1083.9005126953125
1088.4019775390625
1087.461181640625
1087.40869140625
1089.52392578125
1090.8846435546875
1088.5711669921875
1086.176025390625
1086.7218017578125
1084.5252685546875
1089.1107177734375
1084.0302734375
1088.2596435546875
1085.96826171875
1087.663818359375
1088.87939453125
1089.1650390625
1085.9498291015625
1091.9261474609375
1089.2891845703125
1086.0347900390625
1087.0380859375
1084.978759765625
1084.715087890625
1088.885009765625
1088.538818359375
1086.0802001953125
1084.7548828125
1086.509521484375
1087.101318359375
1086.52734375
1086.8577880859375
1086.47265625
1086.562255859375
1086.865966796875
1085.6978759765625
1088.7535400390625
1086.309814453125
1086.448486328125
1086.9296875
1090.850830078125
1083.5198974609375
1084.892822265625
1083.3841552734375
1086.636962890625
1089.08837890625
1084.644775390625
1087.62841796875
1086.4591064453125
1086.2593994140625
1088.30419921875
1084.984130859375
1085.7989501953125
1088.28564453125
1083.4091796875
1085.9560546875
1090.21728515625
1087.543701171875
1084.90234375
1084.037353515625
1086.47265625
1082.8536376953125
1086.34423828125
1086.64697265625
1086.3514404296875
1088.87744140625
1084.895263671875
1085.6463623046875
1089.5218505859375
1089.519287109375
1086.6953125
1086.69921875
1086.748779296875
1082.332763671875
1087.2584228515625
1084.3392333984375
1088.067138671875
1084.899658203125
1086.62060546875
1091.1226806640625
1088.3375244140625
1086.8157958984375
1085.6971435546875
1083.58349609375
1084.87158203125
1083.43603515625
1089.701416015625
1085.9453125
1083.8463134765625
1085.8616943359375
1089.57958984375
1086.8565673828125
1089.412109375
1087.916015625
1084.5914306640625
1088.3150634765625
1083.5941162109375
1085.25634765625
1086.154541015625
1085.970703125
1085.70263671875
1087.6654052734375
1085.122314453125
1088.318115234375
1088.6783447265625
1085.17578125
1085.2281494140625
1090.72607421875
1087.3040771484375
1086.64697265625
1084.8701171875
1085.7896728515625
1088.19873046875
1086.939453125
1085.631103515625
1087.929931640625
1083.769287109375
1087.580322265625
1086.24169921875
1085.584228515625
1087.1619873046875
1083.302490234375
1086.7119140625
1083.60107421875
1086.1165771484375
1085.5277099609375
1085.924560546875
1086.2281494140625
1087.400634765625
1085.3360595703125
1087.5406494140625
1084.019287109375
1089.154052734375
1083.052734375
1088.0831298828125
1086.8590087890625
1085.265869140625
1086.92626953125
1085.431396484375
1085.270751953125
1083.9552001953125
1083.5384521484375
1089.6380615234375
1086.40869140625
1087.04296875
1087.1142578125
1082.5489501953125
1086.815673828125
1084.269775390625
1087.1119384765625
1085.296142578125
1085.704345703125
1084.9031982421875
1086.071044921875
1084.2042236328125
1085.78125
1086.08251953125
1085.489501953125
1086.646484375
1085.5115966796875
1085.312255859375
1085.603271484375
1083.412841796875
1086.11279296875
1087.1729736328125
1086.662353515625
1085.788330078125
1085.1256103515625
1088.164794921875
1087.3277587890625
1084.605224609375
1086.37158203125
1084.5186767578125
1081.3443603515625
1086.4918212890625
1084.878173828125
1084.66357421875
1086.2259521484375
1090.151123046875
1086.1800537109375
1086.54541015625
1088.140625
1085.853515625
1085.318603515625
1087.886962890625
1084.04541015625
1085.8084716796875
1085.76171875
1084.406005859375
1083.200927734375
1080.8592529296875
1084.2584228515625
1083.9290771484375
1086.4306640625
1086.0849609375
1087.4267578125
1086.8653564453125
1090.05029296875
1086.834716796875
1087.7337646484375
1087.892578125
1085.4990234375
1084.859375
1086.9237060546875
1083.798828125
1086.31982421875
1085.01953125
1082.5589599609375
1084.423095703125
1084.9019775390625
1087.0673828125
1090.148193359375
1085.2962646484375
1084.153564453125
1083.55224609375
1087.19189453125
1084.52392578125
1083.910400390625
1084.333740234375
1081.3935546875
1086.192626953125
1087.01220703125
1085.021484375
1082.81396484375
1084.884033203125
1084.677490234375
1083.4969482421875
1087.19189453125
1084.818115234375
1081.6298828125
1084.53125
1087.57470703125
1084.9124755859375
1087.6793212890625
1086.00537109375
1082.959228515625
1084.048583984375
1082.5927734375
1082.8519287109375
1081.391357421875
1085.377197265625
1085.037109375
1086.15576171875
1082.7060546875
1084.92333984375
1084.1297607421875
1085.037841796875
1084.8402099609375
1086.667724609375
1081.030029296875
1080.4296875
1086.459716796875
1080.8017578125
1089.344482421875
1082.48974609375
1086.592529296875
1083.9061279296875
1084.4891357421875
1085.895263671875
1082.476318359375
1084.3507080078125
1082.745361328125
1084.9715576171875
1082.733154296875
1083.870849609375
1084.3221435546875
1082.549072265625
1082.2174072265625
1083.54638671875
1083.4974365234375
1087.9400634765625
1085.6258544921875
1081.3994140625
1084.118408203125
1087.875
1087.3841552734375
1084.8477783203125
1088.119140625
1083.056396484375
1081.444091796875
1084.328857421875
1082.179931640625
1084.164794921875
1085.3011474609375
1084.1534423828125
1084.1822509765625
1083.087646484375
1083.27783203125
1084.243896484375
1086.12060546875
1082.1702880859375
1084.378173828125
1086.363037109375
1081.60888671875
1085.337158203125
1080.95947265625
1086.608642578125
1080.4613037109375
1085.584228515625
1084.97021484375
1083.4490966796875
1082.299072265625
1083.3896484375
1082.5029296875
1083.546142578125
1085.77685546875
1084.187744140625
1084.9871826171875
1085.6949462890625
1083.9248046875
1082.3519287109375
1080.67724609375
1082.1551513671875
1085.556884765625
1087.8277587890625
1085.9852294921875
1083.073486328125
1086.1298828125
1081.638916015625
1085.586181640625
1082.841552734375
1079.71728515625
1085.993896484375
1083.1689453125
1085.3671875
1082.6195068359375
1085.1298828125
1083.9815673828125
1084.3134765625
1082.6947021484375
1084.1090087890625
1084.8087158203125
1083.896240234375
1084.5916748046875
1084.8203125
1083.6053466796875
1083.90185546875
1081.38623046875
1083.14892578125
1083.9908447265625
1082.6595458984375
1082.4884033203125
1083.83447265625
1081.5814208984375
1081.0323486328125
1082.5760498046875
1086.5916748046875
1080.185302734375
1084.23583984375
1082.112548828125
1081.6171875
1083.9190673828125
1082.518310546875
1079.6826171875
1081.556884765625
1081.627197265625
1083.143798828125
1082.9442138671875
1083.7850341796875
1079.7174072265625
1085.449951171875
1087.922607421875
1082.8643798828125
1084.25537109375
1081.9036865234375
1081.824951171875
1083.64697265625
1082.9549560546875
1084.8839111328125
1083.200927734375
1083.32177734375
1081.1302490234375
1080.19384765625
1084.38720703125
1083.3162841796875
1082.1964111328125
1079.887939453125
1080.190673828125
1082.075439453125
1083.141845703125
1081.280029296875
1081.8343505859375
1083.7412109375
1083.7337646484375
1081.81201171875
1083.737548828125
1081.711669921875
1081.9239501953125
1085.0865478515625
1083.580810546875
1082.611572265625
1082.923828125
1083.6326904296875
1082.422119140625
1080.8092041015625
1083.061767578125
1084.066650390625
1083.28662109375
1082.1328125
1084.09521484375
1085.7567138671875
1083.3223876953125
1085.4208984375
1084.02392578125
1083.337158203125
1082.173583984375
1085.9637451171875
1081.23486328125
1081.3126220703125
1083.7550048828125
1082.63671875
1083.5489501953125
1083.2642822265625
1082.727294921875
1083.018310546875
1079.992919921875
1080.2796630859375
1081.2841796875
1083.82861328125
1083.826171875
1081.176513671875
1082.072021484375
1082.9576416015625
1087.150634765625
1081.89208984375
1082.44384765625
1078.3712158203125
1084.311279296875
1083.799072265625
1082.074462890625
1082.62646484375
1079.002197265625
1083.979248046875
1081.4271240234375
1085.02783203125
1079.83251953125
1080.876220703125
1083.2320556640625
1085.173095703125
1080.97265625
1081.4580078125
1081.43115234375
1081.836669921875
1082.421142578125
1082.764892578125
1082.86962890625
1081.813232421875
1081.267822265625
1080.879150390625
1083.054443359375
1078.1455078125
1083.460205078125
1083.8720703125
1080.969970703125
1083.6319580078125
1080.419921875
1077.5633544921875
1080.859619140625
1080.14453125
1081.562744140625
1082.35595703125
1085.29248046875
1081.947021484375
1084.140869140625
1082.7073974609375
1085.13037109375
1079.6094970703125
1081.1741943359375
1080.040283203125
1081.4857177734375
1080.9326171875
1083.017333984375
1082.163818359375
1084.645751953125
1079.549072265625
1083.041015625
1082.0167236328125
1084.154296875
1081.096435546875
1078.7105712890625
1082.2637939453125
1078.2315673828125
1082.596435546875
1078.214599609375
1081.969482421875
1080.75048828125
1084.4068603515625
1084.51123046875
1081.08544921875
1078.8050537109375
1082.4486083984375
1081.73486328125
1084.09326171875
1079.956787109375
1080.112548828125
1084.187744140625
1079.9639892578125
1081.95458984375
1082.708740234375
1079.190673828125
1080.850830078125
1084.9381103515625
1078.869873046875
1083.1695556640625
1080.1114501953125
1079.284423828125
1083.4033203125
1081.526611328125
1082.5185546875
1081.6796875
1079.1038818359375
1078.331298828125
1083.91162109375
1077.49755859375
1079.052978515625
1083.3948974609375
1086.1864013671875
1081.921875
1086.340087890625
1082.18212890625
1083.3968505859375
1082.7752685546875
1080.5560302734375
1083.7940673828125
1083.3726806640625
1082.0159912109375
1080.6282958984375
1081.4189453125
1081.94384765625
1078.9322509765625
1083.2025146484375
1080.715576171875
1084.213134765625
1082.675048828125
1081.761474609375
1079.6373291015625
1082.76708984375
1079.5880126953125
1081.6954345703125
1078.7457275390625
1081.0457763671875
1081.8436279296875
1080.427978515625
1082.4547119140625
1081.25341796875
1082.443603515625
1082.6876220703125
1083.943115234375
1082.0731201171875
1080.5140380859375
1083.119140625
1082.3809814453125
1083.056640625
1082.44677734375
1083.315673828125
1083.802490234375
1080.316650390625
1084.1436767578125
1083.2718505859375
1079.923828125
1079.7060546875
1080.22314453125
1082.9930419921875
1081.2789306640625
1078.908935546875
1080.0325927734375
1080.8095703125
1081.82080078125
1079.8818359375
1079.39794921875
1080.4942626953125
1079.852783203125
1081.14013671875
1086.3582763671875
1080.729736328125
1081.1083984375
1079.5621337890625
1081.279296875
1081.8883056640625
1077.707763671875
1081.7359619140625
1080.8369140625
1078.89501953125
1078.9344482421875
1077.8851318359375
1082.248291015625
1080.591064453125
1082.302001953125
1079.83837890625
1078.620361328125
1078.834228515625
1078.264404296875
1082.86181640625
1079.8773193359375
1078.587646484375
1080.3563232421875
1079.135009765625
1079.0859375
1080.808837890625
1077.5428466796875
1081.526123046875
1082.60693359375
1080.33349609375
1077.0556640625
1080.99853515625
1079.76611328125
1077.524658203125
1078.53076171875
1078.752197265625
1083.0869140625
1082.2171630859375
1078.943359375
1080.071533203125
1083.714599609375
1080.0443115234375
1081.0206298828125
1080.439697265625
1082.819580078125
1081.3692626953125
1082.622802734375
1081.8006591796875
1077.076171875
1080.242919921875
1079.921630859375
1081.696533203125
1078.4102783203125
1079.31884765625
1079.829833984375
1080.786376953125
1077.3402099609375
1078.16943359375
1082.474853515625
1079.5966796875
1080.761474609375
1079.41015625
1079.892333984375
1078.0491943359375
1079.5687255859375
1078.677734375
1076.713134765625
1080.6593017578125
1078.1888427734375
1081.212158203125
1076.4471435546875
1080.0667724609375
1081.4150390625
1078.8775634765625
1079.2388916015625
1079.962158203125
1080.39794921875
1078.451416015625
1079.4052734375
1077.92041015625
1081.920166015625
1078.4866943359375
1078.7198486328125
1080.0914306640625
1077.866943359375
1077.7578125
1079.26806640625
1078.290771484375
1074.884033203125
1081.0594482421875
1080.9107666015625
1078.09326171875
1077.6478271484375
1082.7647705078125
1079.693603515625
1077.453125
1079.7384033203125
1080.310302734375
1078.71337890625
1080.16064453125
1079.513427734375
1078.160400390625
1076.9853515625
1079.9112548828125
1078.235107421875
1078.449462890625
1081.573974609375
1076.653076171875
1080.055419921875
1082.6444091796875
1078.4228515625
1078.0096435546875
1083.7305908203125
1076.351318359375
1080.5831298828125
1079.7369384765625
1079.7916259765625
1078.2337646484375
1079.242919921875
1081.7784423828125
1082.1385498046875
1079.25537109375
1079.9876708984375
1078.6326904296875
1081.229248046875
1080.873046875
1080.397216796875
1080.512451171875
1075.6712646484375
1078.6278076171875
1075.6865234375
1078.0533447265625
1082.611572265625
1078.32763671875
1077.2508544921875
1081.1163330078125
1082.0693359375
1080.5296630859375
1078.261474609375
1077.285400390625
1079.9271240234375
1078.716064453125
1079.751708984375
1079.01220703125
1078.5140380859375
1078.502197265625
1078.682373046875
1084.173828125
1078.826416015625
1080.1949462890625
1079.3505859375
1077.975830078125
1077.98486328125
1079.131103515625
1078.9794921875
1079.2327880859375
1077.9608154296875
1078.65185546875
1078.22119140625
1080.4560546875
1079.4189453125
1078.05029296875
1080.9432373046875
1080.4189453125
1079.297607421875
1081.253662109375
1077.984130859375
1079.740234375
1081.5673828125
1078.681884765625
1080.251953125
1082.2298583984375
1078.47021484375
1078.7691650390625
1078.9312744140625
1078.72119140625
1079.5810546875
1075.4700927734375
1079.427490234375
1078.02392578125
1077.4805908203125
1080.64794921875
1076.490966796875
1077.8173828125
1079.091064453125
1080.4298095703125
1079.61669921875
1078.836669921875
1080.535400390625
1079.5894775390625
1076.239013671875
1077.074462890625
1078.716064453125
1082.416259765625
1078.6492919921875
1076.4156494140625
1083.500244140625
1080.6011962890625
1077.62646484375
1081.3538818359375
1078.30859375
1073.6796875
1076.28173828125
1079.595703125
1078.9140625
1079.34033203125
1078.506103515625
1076.390380859375
1079.190673828125
1077.7415771484375
1078.157958984375
1078.396240234375
1079.9757080078125
1079.8370361328125
1079.063232421875
1081.4794921875
1081.8353271484375
1078.7841796875
1080.3134765625
1079.1593017578125
1078.1756591796875
1078.3043212890625
1077.677978515625
1077.007568359375
1079.345703125
1080.611328125
1078.84814453125
1081.443603515625
1079.0927734375
1075.92333984375
1080.58447265625
1078.716064453125
1078.2698974609375
1079.7916259765625
1075.453369140625
1076.6588134765625
1076.6998291015625
1077.489013671875
1077.043212890625
1078.477783203125
1078.371337890625
1081.395263671875
1078.8165283203125
1080.2716064453125
1079.416748046875
1078.52978515625
1079.145263671875
1077.825439453125
1073.34765625
1076.0811767578125
1079.42626953125
1078.730224609375
1077.6470947265625
1079.013427734375
1074.948486328125
1077.899658203125
1076.916748046875
1078.13623046875
1079.377685546875
1077.2177734375
1077.7911376953125
1080.01171875
1080.71044921875
1077.59375
1082.1739501953125
1073.8924560546875
1079.30029296875
1077.2509765625
1078.7650146484375
1078.816650390625
1079.978271484375
1079.9755859375
1076.433349609375
1076.185791015625
1078.0821533203125
1075.8719482421875
1077.37158203125
1076.19140625
1076.9017333984375
1076.9696044921875
1077.45703125
1076.7379150390625
1077.432861328125
1078.3359375
1077.889892578125
1077.16796875
1076.24169921875
1079.98681640625
1078.310546875
1075.9482421875
1077.832763671875
1080.90673828125
1077.0260009765625
1078.2315673828125
1077.3819580078125
1074.863525390625
1079.4212646484375
1076.7484130859375
1074.677001953125
1079.82861328125
1077.34033203125
1077.8834228515625
1077.6689453125
1075.15234375
1075.8863525390625
1077.313232421875
1079.896240234375
1075.2696533203125
1079.59423828125
1079.5692138671875
1075.0655517578125
1074.0601806640625
1078.848876953125
1077.8427734375
1078.251708984375
1079.762451171875
1077.322998046875
1078.978271484375
1075.842529296875
1072.751953125
1076.63623046875
1075.4488525390625
1075.88818359375
1076.00927734375
1077.878173828125
1082.051513671875
1076.132080078125
1076.9306640625
1076.4534912109375
1081.370849609375
1075.9051513671875
1075.7911376953125
1074.42041015625
1075.1063232421875
1076.9205322265625
1077.087646484375
1077.467041015625
1076.808837890625
1075.163818359375
1074.456787109375
1075.543212890625
1078.5048828125
1079.5277099609375
1076.505126953125
1077.69287109375
1077.2479248046875
1079.7806396484375
1079.4072265625
1073.6988525390625
1078.0985107421875
1076.81201171875
1076.72216796875
1078.7178955078125
1076.993896484375
1076.988037109375
1077.8548583984375
1078.0015869140625
1077.189697265625
1075.29541015625
1077.875
1075.2176513671875
1077.242919921875
1080.417724609375
1076.2613525390625
1077.4697265625
1076.856689453125
1079.71142578125
1082.24755859375
1075.0355224609375
1076.685302734375
1078.44921875
1075.549072265625
1074.9049072265625
1077.342529296875
1077.5233154296875
1082.1134033203125
1076.906494140625
1075.5828857421875
1077.7117919921875
1075.125
1074.408935546875
1077.065185546875
1079.245361328125
1076.5887451171875
1078.7548828125
1079.625732421875
