None
None
None
None
None
None
None
None
None
None
None
None
None
None
None
None
None
None
None
None
None
None
None
None
None
None
None
None
None
None
None
None
None
None
None
686.5399169921875
737.5534057617188
791.9075927734375
661.18798828125
778.9093017578125
882.313232421875
765.5011596679688
688.2238159179688
925.5994873046875
766.1779174804688
639.7005615234375
722.9747924804688
713.3796997070312
675.5123291015625
836.272216796875
661.5115966796875
548.4158935546875
749.80517578125
754.5111083984375
476.3240966796875
698.1975708007812
559.4736328125
531.7860107421875
501.5161437988281
564.2613525390625
519.90185546875
429.5187072753906
581.6481323242188
588.6637573242188
377.5594177246094
382.2035827636719
394.7376708984375
547.1552734375
522.0042114257812
378.76385498046875
424.3418884277344
369.18743896484375
350.6192626953125
364.392578125
354.780517578125
340.951416015625
316.29150390625
299.4322814941406
381.0704040527344
374.2152099609375
316.4837341308594
253.9276123046875
280.0714111328125
214.04209899902344
287.218017578125
287.3187561035156
252.81137084960938
225.2469482421875
214.48666381835938
252.21188354492188
236.3234405517578
199.64085388183594
232.72756958007812
218.82318115234375
201.88717651367188
153.94793701171875
140.24722290039062
127.68183898925781
171.26797485351562
196.13760375976562
165.9900360107422
108.43861389160156
169.3612060546875
136.93502807617188
124.95947265625
181.84780883789062
166.54217529296875
105.73440551757812
156.36441040039062
104.73759460449219
118.78409576416016
86.59385681152344
120.55569458007812
136.3497314453125
188.0018310546875
120.51933288574219
127.777587890625
144.56719970703125
139.74024963378906
145.30935668945312
126.56918334960938
175.57159423828125
67.41384887695312
134.75534057617188
150.74221801757812
108.43915557861328
108.2969970703125
138.06039428710938
112.9334487915039
187.5856475830078
203.76669311523438
116.72032165527344
116.08265686035156
159.90289306640625
116.72416687011719
105.15289306640625
187.4510498046875
122.66407775878906
78.60610961914062
197.00344848632812
92.14430236816406
234.48385620117188
155.62051391601562
177.52484130859375
153.76856994628906
125.21348571777344
96.88179779052734
168.22274780273438
136.54306030273438
258.3658447265625
169.27394104003906
136.94720458984375
98.14653015136719
187.04281616210938
137.71066284179688
127.19876098632812
96.14199829101562
103.68403625488281
178.669921875
140.7833709716797
169.87155151367188
169.48480224609375
121.74836730957031
96.52843475341797
126.21641540527344
97.78033447265625
114.8768310546875
137.23182678222656
126.18367004394531
126.35005950927734
128.74227905273438
157.09130859375
156.14266967773438
111.06338500976562
128.6097412109375
112.31138610839844
124.45283508300781
179.29379272460938
152.1375732421875
126.63026428222656
87.14215087890625
101.43811798095703
108.763916015625
143.73501586914062
181.7200469970703
145.2667236328125
149.19432067871094
112.11751556396484
161.74855041503906
211.1790313720703
166.4606170654297
105.13887023925781
107.8987808227539
163.14431762695312
152.79351806640625
102.89826965332031
142.77931213378906
125.704833984375
167.3914794921875
96.86009216308594
180.16064453125
98.73287963867188
123.96331024169922
155.86476135253906
128.37921142578125
135.64849853515625
151.60867309570312
166.62164306640625
142.8602294921875
103.13789367675781
143.48626708984375
97.67547607421875
125.06905364990234
155.979736328125
193.12677001953125
124.55844116210938
132.8010711669922
142.72227478027344
107.75215148925781
102.20111846923828
176.34083557128906
145.1642303466797
143.8384246826172
153.5159454345703
180.40545654296875
177.63796997070312
184.58914184570312
149.0460205078125
92.21424865722656
171.814697265625
106.51939392089844
165.05789184570312
160.36550903320312
141.91725158691406
136.80966186523438
132.61105346679688
154.83932495117188
213.3429718017578
176.19247436523438
151.0917510986328
141.40225219726562
92.05494689941406
147.97341918945312
124.6124267578125
205.9597930908203
125.22345733642578
129.56008911132812
175.61676025390625
118.6375503540039
178.96717834472656
142.61468505859375
124.2105712890625
162.18470764160156
129.36093139648438
134.01101684570312
160.76806640625
139.16668701171875
175.1141357421875
159.23406982421875
115.59187316894531
157.1227264404297
141.54995727539062
126.77141571044922
148.94033813476562
163.98794555664062
136.6593017578125
160.83145141601562
163.02896118164062
91.34410095214844
132.07310485839844
138.82940673828125
140.88421630859375
102.23359680175781
130.59947204589844
156.02099609375
225.43528747558594
152.80975341796875
181.4722442626953
190.05435180664062
125.97021484375
162.82875061035156
177.29879760742188
195.11087036132812
101.25190734863281
133.07284545898438
143.1376495361328
177.28692626953125
128.77383422851562
176.17178344726562
173.87936401367188
165.5689697265625
175.64764404296875
159.21609497070312
181.41827392578125
120.02250671386719
132.88421630859375
119.25843811035156
131.07357788085938
153.7825469970703
160.5731201171875
160.7849578857422
157.2424774169922
164.12527465820312
134.82669067382812
109.37482452392578
124.15457916259766
128.73919677734375
119.57965087890625
186.45167541503906
150.2501983642578
164.43948364257812
150.64869689941406
133.032470703125
183.29617309570312
146.4508056640625
140.8074951171875
158.8251953125
113.56356811523438
168.82220458984375
146.47467041015625
141.31329345703125
136.57081604003906
180.4658203125
139.0292510986328
152.98167419433594
153.9652862548828
160.81451416015625
110.08930969238281
132.60989379882812
114.04498291015625
141.79759216308594
160.9566650390625
141.0956268310547
155.0904083251953
197.06326293945312
267.06878662109375
117.14263153076172
171.95362854003906
137.9029541015625
205.9658203125
131.11727905273438
161.42579650878906
110.22160339355469
137.91567993164062
142.760009765625
127.44316101074219
119.10882568359375
199.46841430664062
122.91226959228516
134.61093139648438
127.7351303100586
187.33714294433594
127.65357971191406
158.2757110595703
137.65283203125
139.9512176513672
177.36117553710938
168.29818725585938
199.7159423828125
204.45956420898438
122.55908966064453
200.27398681640625
138.75741577148438
241.42959594726562
139.09951782226562
175.6114501953125
180.8515625
151.67462158203125
118.63615417480469
241.86671447753906
172.264404296875
144.5244140625
172.66287231445312
203.58126831054688
149.4626007080078
168.40872192382812
127.18179321289062
133.15249633789062
200.33384704589844
163.287353515625
130.8829803466797
136.184326171875
122.32594299316406
179.83438110351562
166.8834686279297
141.8784942626953
167.41453552246094
182.09991455078125
133.0211944580078
149.68423461914062
149.41195678710938
139.31312561035156
171.995361328125
206.25143432617188
124.728759765625
128.9049835205078
171.6520233154297
133.17239379882812
148.7196807861328
182.1580047607422
132.42355346679688
137.77171325683594
202.8045196533203
132.85362243652344
156.2305908203125
140.9724578857422
124.03176879882812
143.17236328125
142.68165588378906
145.84658813476562
144.23040771484375
209.27801513671875
118.25700378417969
170.98358154296875
245.70684814453125
127.49176025390625
168.84193420410156
173.54420471191406
162.43386840820312
225.5877227783203
142.5074462890625
156.67868041992188
167.08419799804688
167.58749389648438
173.99488830566406
182.99705505371094
217.44808959960938
175.08880615234375
153.4927978515625
148.99151611328125
178.08311462402344
178.01327514648438
182.1429901123047
153.47573852539062
140.577880859375
144.5795135498047
153.62948608398438
197.323974609375
149.85589599609375
147.52593994140625
199.1527099609375
158.66415405273438
207.76419067382812
142.38824462890625
169.14410400390625
155.82455444335938
174.13316345214844
190.09164428710938
153.11927795410156
186.04269409179688
139.82882690429688
174.20806884765625
146.58334350585938
175.22845458984375
189.173828125
140.56991577148438
167.7039031982422
228.71490478515625
170.5400848388672
144.33102416992188
172.22943115234375
144.28106689453125
190.24441528320312
118.50952911376953
207.9784393310547
180.8567352294922
151.42037963867188
196.3314208984375
149.57366943359375
203.64862060546875
191.73519897460938
197.03237915039062
166.87112426757812
179.56626892089844
172.98388671875
190.30955505371094
175.20635986328125
150.2357635498047
130.39657592773438
96.4111328125
169.82101440429688
175.60797119140625
153.86973571777344
126.22420501708984
218.22915649414062
132.91249084472656
143.1333465576172
159.28799438476562
217.64404296875
170.0362548828125
155.3370819091797
211.53170776367188
119.39039611816406
162.8915557861328
195.00857543945312
160.69415283203125
126.66095733642578
156.6907958984375
158.67678833007812
153.31301879882812
152.28585815429688
192.94076538085938
198.66212463378906
157.1565704345703
184.22244262695312
188.50794982910156
134.810791015625
184.90196228027344
168.40550231933594
160.6376953125
150.35745239257812
148.47134399414062
182.16650390625
151.4345703125
127.76448822021484
193.06515502929688
161.0290985107422
160.99774169921875
132.2747802734375
154.23020935058594
164.93968200683594
149.9505157470703
146.24539184570312
162.95321655273438
165.7359619140625
119.11021423339844
209.02145385742188
126.87801361083984
132.8721923828125
125.3239974975586
161.82896423339844
194.38685607910156
174.77838134765625
194.2339630126953
161.6348114013672
192.3469696044922
206.43215942382812
121.64505767822266
189.0430908203125
147.10830688476562
187.69241333007812
145.8621826171875
183.49801635742188
155.58029174804688
190.50381469726562
172.88357543945312
166.68775939941406
158.18865966796875
180.01869201660156
170.07005310058594
181.31729125976562
131.22930908203125
158.2486114501953
147.19528198242188
147.6811981201172
200.8392333984375
185.96592712402344
150.21253967285156
202.95663452148438
124.39878845214844
163.53570556640625
145.15206909179688
151.5166015625
144.48220825195312
126.41361236572266
137.61419677734375
166.48220825195312
134.16246032714844
191.86239624023438
134.944580078125
142.96670532226562
120.55949401855469
159.0242919921875
147.41603088378906
141.30438232421875
170.71957397460938
153.42825317382812
109.23431396484375
153.32424926757812
172.81195068359375
164.87930297851562
138.2298583984375
123.96336364746094
165.4912109375
130.13504028320312
172.76724243164062
152.51519775390625
190.43014526367188
139.92501831054688
200.81407165527344
171.30775451660156
179.53042602539062
150.92697143554688
167.8751983642578
146.46910095214844
152.2794189453125
160.9233856201172
158.47036743164062
157.10487365722656
135.44821166992188
162.36587524414062
194.8929901123047
195.95941162109375
123.82603454589844
142.85885620117188
124.79393768310547
180.3970489501953
132.40176391601562
124.67689514160156
142.3225860595703
177.7822723388672
136.68350219726562
122.90104675292969
172.88584899902344
147.35169982910156
124.4510498046875
165.7750244140625
135.0513916015625
146.07681274414062
144.0620880126953
152.69671630859375
172.41152954101562
182.9730224609375
119.5978775024414
172.38946533203125
139.69972229003906
179.7451171875
123.95439910888672
127.96815490722656
159.69122314453125
196.64036560058594
102.3741455078125
145.83465576171875
126.57642364501953
125.0698013305664
116.34367370605469
155.43643188476562
166.486572265625
185.5150146484375
154.55557250976562
112.81893157958984
168.84027099609375
142.04083251953125
183.08851623535156
165.60874938964844
181.1259765625
131.45220947265625
181.99008178710938
157.2923126220703
139.98776245117188
128.82815551757812
101.21096801757812
119.16983795166016
171.64129638671875
124.00048828125
139.6478271484375
134.11300659179688
123.85769653320312
170.17486572265625
158.04440307617188
165.98797607421875
173.6685028076172
146.66265869140625
145.253662109375
156.3917999267578
135.3009033203125
157.68460083007812
193.4232177734375
181.51611328125
133.03140258789062
209.387451171875
153.26712036132812
143.1120147705078
128.29635620117188
130.9792938232422
151.31692504882812
147.77764892578125
162.78469848632812
135.70803833007812
129.1537628173828
143.6942138671875
118.6966552734375
154.80029296875
154.73643493652344
120.97276306152344
117.4983139038086
141.60560607910156
152.02713012695312
148.34530639648438
172.24720764160156
162.37673950195312
147.2611083984375
112.5528564453125
139.1092529296875
143.4246368408203
159.96328735351562
120.10790252685547
105.81543731689453
123.83895111083984
111.4801025390625
123.83084106445312
153.81138610839844
132.58384704589844
112.27149200439453
136.9116973876953
145.6150665283203
94.66726684570312
129.10861206054688
136.125
176.87435913085938
137.4452667236328
160.2433624267578
132.30892944335938
156.85000610351562
171.5021209716797
136.00021362304688
116.64346313476562
126.68734741210938
147.84173583984375
131.41357421875
130.94659423828125
173.57049560546875
153.42898559570312
137.5281982421875
89.44380950927734
122.02629089355469
97.27413940429688
150.006103515625
126.66796875
167.08810424804688
122.51243591308594
135.7389678955078
140.36587524414062
123.88816833496094
133.97572326660156
156.88995361328125
138.0420684814453
162.31649780273438
115.61372375488281
130.87734985351562
131.553466796875
115.30474853515625
134.2693634033203
138.74322509765625
154.91659545898438
126.74493408203125
143.19332885742188
145.64999389648438
113.18545532226562
133.49473571777344
151.79312133789062
124.00001525878906
148.093994140625
124.46728515625
104.22846984863281
123.70783233642578
128.19644165039062
145.23562622070312
119.041259765625
130.88279724121094
112.41858673095703
115.66853332519531
120.57769012451172
100.51686096191406
133.5424346923828
135.0069122314453
142.33334350585938
169.7615966796875
133.98727416992188
152.44898986816406
135.84304809570312
176.4624481201172
142.40728759765625
132.40371704101562
129.75531005859375
135.57276916503906
142.43333435058594
131.590576171875
152.74269104003906
146.35391235351562
150.46237182617188
138.889892578125
134.27841186523438
168.6815185546875
141.6151123046875
153.45877075195312
133.35955810546875
117.66238403320312
127.19026184082031
142.99705505371094
159.21890258789062
142.7183380126953
103.513427734375
131.27978515625
132.20494079589844
109.96441650390625
119.1134262084961
131.81866455078125
134.19015502929688
116.57716369628906
108.35942077636719
107.5838623046875
159.19146728515625
123.75672149658203
123.3205337524414
164.28945922851562
114.30183410644531
145.79165649414062
124.23738098144531
152.8939971923828
115.2026138305664
124.98147583007812
111.12893676757812
142.84921264648438
156.0867919921875
148.99679565429688
139.5303497314453
141.69259643554688
110.75567626953125
116.64198303222656
128.88768005371094
152.6705322265625
125.6776351928711
138.82400512695312
106.42927551269531
128.4135284423828
121.27542114257812
118.04817962646484
136.82281494140625
109.44111633300781
127.8328628540039
160.7718505859375
109.81317138671875
126.5362777709961
170.07156372070312
95.27204132080078
127.58680725097656
162.12062072753906
124.34771728515625
136.5687255859375
191.15127563476562
116.26068878173828
109.41087341308594
112.16252136230469
139.23793029785156
113.93172454833984
131.3273468017578
155.20315551757812
114.62100219726562
137.71124267578125
139.6353759765625
124.29220581054688
165.853515625
146.13255310058594
120.43436431884766
109.19769287109375
112.7973861694336
130.44390869140625
136.47286987304688
96.5002212524414
141.28744506835938
126.19258117675781
121.61647033691406
128.597900390625
131.34918212890625
127.95718383789062
126.4959945678711
102.51899719238281
111.31475067138672
140.73623657226562
120.10689544677734
106.26187133789062
114.31891632080078
144.07969665527344
135.280029296875
119.76899719238281
145.65155029296875
110.33439636230469
128.5124969482422
140.78713989257812
139.38975524902344
115.4634017944336
101.91608428955078
95.94766998291016
151.10472106933594
126.04491424560547
127.45620727539062
159.20877075195312
125.19309997558594
127.65096282958984
125.87232971191406
126.91139221191406
114.77478790283203
113.28667449951172
147.775390625
117.38185119628906
148.20321655273438
115.47248840332031
108.03410339355469
163.63526916503906
127.31951904296875
134.3145751953125
134.17391967773438
123.96383666992188
121.88029479980469
138.605712890625
136.78724670410156
128.95208740234375
132.91175842285156
129.30960083007812
127.1603012084961
121.47748565673828
129.34530639648438
119.35176849365234
130.8039093017578
124.95597839355469
121.80438995361328
115.14839172363281
149.58087158203125
118.4739761352539
124.5386962890625
114.33949279785156
116.71629333496094
125.10933685302734
131.73907470703125
169.8113250732422
124.25088500976562
153.51571655273438
120.3575439453125
124.4586181640625
145.23495483398438
144.74813842773438
134.80303955078125
122.4622573852539
144.20205688476562
132.97030639648438
132.7233428955078
114.83183288574219
127.15313720703125
111.585205078125
157.59579467773438
131.62762451171875
96.25806427001953
120.88395690917969
100.38548278808594
112.40869140625
146.29702758789062
115.87576293945312
128.24436950683594
138.18777465820312
146.08583068847656
132.3114776611328
134.9070281982422
151.40597534179688
151.4496307373047
115.32269287109375
115.1418228149414
112.18700408935547
134.06822204589844
144.07305908203125
137.59893798828125
139.3017578125
99.94708251953125
129.32131958007812
126.64952087402344
124.13761901855469
127.58995056152344
121.99407958984375
122.28744506835938
105.8896484375
144.01263427734375
127.79823303222656
124.77982330322266
146.68011474609375
164.72073364257812
137.0414581298828
129.42462158203125
113.89759826660156
115.50678253173828
138.63113403320312
117.89675903320312
112.33680725097656
123.13623046875
133.12158203125
123.5926284790039
132.26914978027344
106.46151733398438
140.23509216308594
145.10165405273438
122.11785888671875
117.00523376464844
112.59014892578125
139.85906982421875
140.067138671875
127.05137634277344
108.56138610839844
121.85786437988281
106.87686920166016
121.86747741699219
132.49481201171875
146.7147216796875
127.53773498535156
120.66578674316406
108.24437713623047
146.48806762695312
100.02088928222656
138.25506591796875
119.58782958984375
112.53666687011719
120.17161560058594
124.53366088867188
116.11244201660156
155.3214569091797
100.15219116210938
129.53802490234375
108.44315338134766
111.36373901367188
102.30339813232422
117.62802124023438
119.70292663574219
137.1268310546875
139.44937133789062
94.11127471923828
125.47545623779297
113.7945556640625
131.90020751953125
129.3614959716797
141.48208618164062
125.19996643066406
128.32550048828125
131.17245483398438
132.9052734375
122.78994750976562
113.19873046875
95.1565170288086
134.2375946044922
130.2723846435547
130.3046875
106.39491271972656
114.0185317993164
149.00904846191406
128.253173828125
101.57392120361328
120.71286010742188
132.5689697265625
133.72303771972656
101.66403198242188
149.08575439453125
122.18745422363281
121.65567016601562
119.03384399414062
118.55725860595703
145.08213806152344
136.93130493164062
111.89986419677734
130.00491333007812
141.46463012695312
119.16096496582031
121.19345092773438
129.993896484375
113.74930572509766
144.5448760986328
122.93943786621094
118.08834838867188
123.11186981201172
144.67311096191406
137.57809448242188
116.06523132324219
127.83975219726562
148.60337829589844
132.2773895263672
136.40805053710938
138.24472045898438
141.5228729248047
127.546875
131.96722412109375
140.73638916015625
127.9615478515625
127.38093566894531
126.74932861328125
148.44168090820312
132.14794921875
107.3134765625
131.363525390625
135.26284790039062
135.66091918945312
159.24569702148438
128.34751892089844
139.00942993164062
146.61607360839844
108.65104675292969
136.55398559570312
117.2051010131836
127.26885223388672
130.28341674804688
133.42840576171875
132.8155517578125
107.01301574707031
121.2451171875
146.01638793945312
142.898681640625
113.69589233398438
127.65037536621094
114.46275329589844
134.8920440673828
111.30950927734375
133.39715576171875
128.6080780029297
135.56796264648438
134.09890747070312
130.21194458007812
145.10015869140625
129.6072235107422
122.54576110839844
115.78385925292969
120.79401397705078
127.29969024658203
149.82785034179688
131.29415893554688
119.65113830566406
108.70265197753906
121.86177062988281
106.73053741455078
162.0756378173828
135.6524658203125
138.19956970214844
111.91641998291016
122.08563995361328
109.4921646118164
117.79204559326172
148.74761962890625
129.13742065429688
117.6612319946289
128.20948791503906
136.29623413085938
117.9852523803711
131.5037841796875
144.38711547851562
133.15028381347656
127.87406158447266
143.31002807617188
125.32656860351562
115.45706176757812
132.43722534179688
122.04080200195312
121.07460021972656
146.78189086914062
107.73751831054688
123.85861206054688
126.50885009765625
143.14846801757812
124.20464324951172
123.39913940429688
128.020263671875
124.15130615234375
133.5275421142578
127.98675537109375
147.94229125976562
142.83445739746094
121.01084899902344
112.19295501708984
129.21620178222656
141.1756591796875
119.78755187988281
145.042724609375
120.80239868164062
118.19970703125
115.68111419677734
130.94741821289062
109.21373748779297
127.07868957519531
127.8214111328125
139.56222534179688
113.65164184570312
169.93618774414062
119.48475646972656
135.14566040039062
148.03976440429688
131.4136505126953
151.22579956054688
130.4384307861328
138.03302001953125
129.87066650390625
130.73013305664062
108.8332290649414
131.59288024902344
135.31167602539062
116.58856201171875
128.90855407714844
132.65982055664062
135.29150390625
130.5829315185547
114.54667663574219
106.81412506103516
126.60484313964844
131.67417907714844
129.7366180419922
120.22301483154297
114.10234069824219
123.87409973144531
136.22915649414062
132.99716186523438
129.22674560546875
140.81057739257812
113.99164581298828
124.76791381835938
122.4708480834961
139.44166564941406
90.63478088378906
120.53831481933594
102.73101806640625
126.22120666503906
137.90274047851562
130.50018310546875
121.02513122558594
132.5062255859375
121.87353515625
141.49012756347656
125.33602142333984
153.39328002929688
124.10725402832031
131.1909637451172
132.7567138671875
147.2670440673828
124.87821960449219
123.00646209716797
128.29067993164062
112.75096130371094
127.322021484375
148.23455810546875
123.37348175048828
129.95175170898438
123.16950225830078
108.75198364257812
123.77104187011719
118.22721862792969
130.5487823486328
154.24462890625
134.19375610351562
125.76158142089844
135.7989501953125
114.57318115234375
106.883544921875
104.56573486328125
127.95940399169922
137.38621520996094
110.36419677734375
133.37155151367188
144.13328552246094
109.14132690429688
106.14756774902344
129.9732208251953
118.27299499511719
119.26334381103516
114.16642761230469
150.3303680419922
121.33692932128906
134.09519958496094
124.05280303955078
121.10069274902344
112.44300842285156
118.99252319335938
118.82112121582031
130.33419799804688
116.41642761230469
110.99504089355469
121.22222900390625
177.52243041992188
120.55265808105469
150.09713745117188
146.73529052734375
110.19525146484375
151.21112060546875
137.69309997558594
113.35981750488281
146.5915069580078
146.0819091796875
119.48419189453125
128.30325317382812
120.92300415039062
135.6173553466797
120.34912109375
100.99253845214844
104.16051483154297
121.7529296875
112.62423706054688
132.4189453125
140.69198608398438
135.13076782226562
125.01121520996094
138.3821258544922
120.29954528808594
116.01582336425781
133.73089599609375
113.82575988769531
143.09507751464844
120.38720703125
113.73480224609375
143.6482391357422
108.9716796875
99.04216003417969
140.0469970703125
99.59159851074219
131.54469299316406
109.3173828125
148.68368530273438
87.47815704345703
121.67720031738281
117.63818359375
132.49798583984375
139.2345733642578
105.49638366699219
118.00513458251953
115.78334045410156
136.08497619628906
121.96953582763672
121.06895446777344
110.4172134399414
118.41740417480469
104.12344360351562
93.31349182128906
120.1727294921875
121.87806701660156
110.62199401855469
140.52244567871094
101.95955657958984
112.55653381347656
110.78534698486328
136.7296905517578
99.18992614746094
129.60569763183594
127.9908447265625
132.39749145507812
121.37297058105469
128.280029296875
121.34150695800781
121.13400268554688
127.08074188232422
143.58074951171875
117.46904754638672
123.39191436767578
95.74905395507812
139.613037109375
132.12469482421875
143.11276245117188
98.28327941894531
112.58935546875
140.54934692382812
130.1485595703125
142.07484436035156
100.92195129394531
130.9469757080078
121.0855484008789
124.3310546875
113.44891357421875
111.58192443847656
114.13043212890625
119.4197006225586
106.76123046875
107.4805908203125
100.89961242675781
135.9412841796875
126.67494201660156
122.8719482421875
108.16349792480469
130.96969604492188
142.50877380371094
113.64723205566406
139.80821228027344
136.25904846191406
138.120849609375
127.60001373291016
107.87049102783203
98.43101501464844
125.28912353515625
115.91116333007812
140.29054260253906
119.67939758300781
123.75637817382812
125.81214904785156
103.21377563476562
116.87202453613281
120.81866455078125
138.95510864257812
128.51441955566406
101.7889404296875
113.57260131835938
102.7672119140625
118.48971557617188
110.6739501953125
109.60232543945312
126.46922302246094
128.37889099121094
99.1086654663086
110.49999237060547
114.6943359375
126.46781921386719
101.0330810546875
126.8225326538086
136.03573608398438
110.85111999511719
101.36288452148438
116.48515319824219
108.0754623413086
97.92596435546875
112.76506042480469
142.91046142578125
123.38674926757812
107.51537322998047
100.9989013671875
114.10604858398438
114.1721420288086
135.30142211914062
102.91828918457031
107.0078125
101.80146026611328
102.66505432128906
110.00501251220703
111.76695251464844
119.53909301757812
111.92512512207031
115.6580810546875
104.2333755493164
108.0830307006836
126.56027221679688
111.69625091552734
136.8576202392578
100.49827575683594
125.37783813476562
107.44673156738281
104.14318084716797
116.92810821533203
106.2523422241211
117.37187194824219
106.74691772460938
99.4754867553711
103.14373016357422
134.96168518066406
112.40853881835938
104.13790130615234
123.75032043457031
110.82704162597656
108.67132568359375
117.66354370117188
113.81546020507812
110.43632507324219
98.14322662353516
121.40756225585938
112.14891052246094
111.3526611328125
115.45854187011719
92.07986450195312
118.3922119140625
139.22264099121094
111.736083984375
112.38131713867188
116.53417205810547
125.76445007324219
115.55978393554688
107.92009735107422
102.72688293457031
116.40887451171875
114.45484161376953
104.94025421142578
107.170654296875
114.32052612304688
115.9261474609375
111.38339233398438
120.97838592529297
110.04640197753906
109.66439819335938
93.08688354492188
112.86768341064453
100.29196166992188
115.77983093261719
99.89300537109375
133.49838256835938
105.76918029785156
97.60619354248047
103.70989227294922
91.03056335449219
123.17880249023438
113.74536895751953
102.85208129882812
127.00285339355469
102.67024230957031
121.2332763671875
99.69528198242188
104.28739929199219
104.71733093261719
110.55531311035156
115.13983917236328
95.49298095703125
125.70027160644531
101.43785095214844
120.10657501220703
119.58454132080078
129.0271453857422
107.86015319824219
117.42848205566406
96.35568237304688
112.14952087402344
110.56585693359375
109.92438507080078
121.37460327148438
112.13501739501953
135.9190673828125
106.32518768310547
107.84292602539062
109.56277465820312
127.40030670166016
125.39727783203125
91.52772521972656
91.51487731933594
123.20362854003906
121.16700744628906
122.91084289550781
117.13520812988281
117.20758056640625
126.89678192138672
101.94330596923828
108.3569107055664
104.35001373291016
125.16751861572266
107.87015533447266
106.71293640136719
133.62667846679688
115.73592376708984
113.16905212402344
123.50617218017578
111.50667572021484
124.77114868164062
114.24717712402344
104.77099609375
121.01406860351562
102.88811492919922
109.67320251464844
126.06642150878906
110.77651977539062
89.796630859375
107.25994873046875
125.84521484375
142.76251220703125
101.71808624267578
116.26689147949219
135.52914428710938
123.28094482421875
110.85317993164062
110.30223083496094
119.78050231933594
116.88801574707031
111.99443054199219
101.09354400634766
104.82460021972656
100.80215454101562
109.59076690673828
121.1944580078125
107.33606719970703
106.25970458984375
118.79828643798828
125.2856674194336
118.05440521240234
105.69296264648438
119.47219848632812
122.0794448852539
96.65205383300781
96.06287384033203
106.1607894897461
104.86289978027344
101.31494903564453
111.52056884765625
102.75212097167969
102.00337982177734
98.45263671875
100.39686584472656
95.62669372558594
120.74861145019531
120.71389770507812
113.76594543457031
122.5626220703125
120.48078918457031
101.84507751464844
106.42776489257812
111.76959228515625
103.67533874511719
110.69917297363281
108.05249786376953
118.16472625732422
111.73468017578125
109.41120910644531
99.70706176757812
121.53097534179688
123.5666732788086
102.23843383789062
125.05162048339844
119.18524169921875
111.55056762695312
123.85743713378906
115.20708465576172
98.15184020996094
101.06304168701172
116.79904174804688
112.66947937011719
110.90970611572266
109.84211730957031
108.76686096191406
104.01697540283203
118.94903564453125
145.26165771484375
111.98934936523438
97.66668701171875
96.81489562988281
125.68511199951172
121.22978210449219
94.82106018066406
114.90985107421875
118.83988189697266
98.55496215820312
98.69245910644531
97.85301208496094
113.21072387695312
121.4560546875
96.18241119384766
95.62169647216797
116.83210754394531
94.97004699707031
118.24773406982422
102.74383544921875
106.82308959960938
95.91952514648438
112.5733413696289
108.74555206298828
89.17726135253906
111.46662902832031
112.01751708984375
101.29153442382812
95.42292785644531
108.39177703857422
105.2634506225586
101.7763900756836
109.23138427734375
99.37435913085938
96.75191497802734
88.44213104248047
125.9555892944336
107.69588470458984
100.78154754638672
112.5473861694336
111.98176574707031
128.59481811523438
105.8031005859375
108.35533142089844
95.04499816894531
110.52557373046875
104.86886596679688
104.30192565917969
101.95585632324219
102.64503479003906
100.3111801147461
108.14312744140625
124.20101165771484
104.7533950805664
104.51832580566406
103.15081787109375
97.23147583007812
126.29149627685547
97.5548095703125
98.03687286376953
124.25390625
129.5489044189453
112.51087951660156
101.62884521484375
110.27400970458984
112.86329650878906
102.40225219726562
117.28003692626953
118.47032165527344
103.12604522705078
123.5682144165039
92.38252258300781
105.24740600585938
114.03753662109375
97.82746887207031
114.87508392333984
111.97724151611328
108.99369812011719
112.38201904296875
108.3008041381836
102.50482177734375
99.42486572265625
119.21165466308594
113.80455017089844
115.70594787597656
119.41436004638672
108.38854217529297
88.03256225585938
93.99346923828125
127.23802947998047
93.34178924560547
96.45109558105469
132.04351806640625
118.25834655761719
119.84440612792969
96.81719207763672
109.11386108398438
107.66716766357422
104.70169067382812
117.01103210449219
99.70587158203125
101.24140930175781
106.16323852539062
100.60269165039062
108.87832641601562
111.67320251464844
94.36360168457031
99.92312622070312
112.72469329833984
102.81028747558594
106.03949737548828
116.12388610839844
114.56057739257812
115.85401916503906
118.82855224609375
110.97695922851562
101.45808410644531
102.67984771728516
101.4482650756836
102.92536163330078
118.50445556640625
118.23876953125
104.35179138183594
98.62397766113281
97.59547424316406
111.83502197265625
102.56985473632812
130.78256225585938
107.98077392578125
103.00396728515625
118.17445373535156
119.642333984375
108.25016021728516
113.16490173339844
112.890380859375
109.86543273925781
95.9044189453125
107.8144302368164
100.71967315673828
100.7321548461914
102.79385375976562
95.927001953125
109.090087890625
113.19752502441406
108.73687744140625
94.23298645019531
106.59288787841797
103.45367431640625
96.99839782714844
93.04995727539062
111.819580078125
105.14517974853516
116.74397277832031
104.88870239257812
111.94512939453125
110.94839477539062
124.52357482910156
114.25540924072266
105.06774139404297
118.72848510742188
97.74763488769531
121.60133361816406
89.0212173461914
103.88280487060547
100.04917907714844
97.74819946289062
109.70152282714844
110.8123779296875
100.02497863769531
107.0221939086914
95.24041748046875
93.85712432861328
93.21585083007812
108.39978790283203
88.64286041259766
106.91022491455078
107.09416961669922
110.33103942871094
124.06059265136719
100.9896240234375
113.63436889648438
103.56710815429688
117.29023742675781
120.6088638305664
91.91056823730469
111.23175048828125
102.70269775390625
95.13313293457031
95.61920166015625
100.32904052734375
107.55558776855469
100.97075653076172
115.10836029052734
113.17647552490234
99.46842193603516
102.52143859863281
107.94938659667969
97.81343841552734
111.51075744628906
129.0206298828125
108.12769317626953
111.19346618652344
105.4956283569336
108.77442169189453
117.56383514404297
94.5946044921875
109.237060546875
103.0172119140625
115.73517608642578
117.63203430175781
93.89933013916016
115.10152435302734
116.52134704589844
129.15406799316406
115.47452545166016
116.53923034667969
102.47341918945312
101.42517852783203
105.75247955322266
93.57089233398438
102.83439636230469
97.39871215820312
110.87039184570312
101.50544738769531
112.66844177246094
115.96200561523438
99.84114074707031
94.94853210449219
107.03141021728516
109.30641174316406
115.08024597167969
97.48466491699219
88.88885498046875
114.496826171875
94.32909393310547
95.33645629882812
115.49462127685547
104.75651550292969
101.04324340820312
115.52316284179688
102.17520141601562
107.30548095703125
122.49024963378906
101.69229888916016
108.23701477050781
103.72052764892578
106.1053695678711
124.64805603027344
106.80779266357422
102.87399291992188
105.85508728027344
105.7640380859375
103.49168395996094
104.94522094726562
100.38534545898438
94.72753143310547
105.63931274414062
99.70111083984375
113.621337890625
103.39315795898438
110.58979034423828
101.61662292480469
91.9259262084961
103.72283935546875
90.07430267333984
103.5390396118164
112.57632446289062
98.39942932128906
119.69863891601562
94.27523803710938
106.49615478515625
105.10835266113281
107.01039123535156
93.8045654296875
114.15577697753906
108.56253051757812
106.65493774414062
111.03892517089844
94.74462890625
108.74980163574219
95.84053039550781
105.62103271484375
110.34100341796875
97.43263244628906
115.5671157836914
116.63902282714844
107.67184448242188
113.11102294921875
92.89038848876953
101.31277465820312
103.64093780517578
101.20204162597656
112.25686645507812
100.99272918701172
108.43655395507812
104.75157928466797
101.2636947631836
94.0647201538086
105.578369140625
91.61508178710938
115.74786376953125
110.10972595214844
103.35540008544922
100.18360900878906
113.7425537109375
104.18595886230469
98.05535888671875
110.17536926269531
89.57804870605469
100.48760986328125
104.791015625
98.7320327758789
97.888427734375
105.85659790039062
96.20416259765625
115.7219467163086
103.1832504272461
97.61537170410156
110.86344909667969
98.41593933105469
108.06739807128906
108.60494995117188
98.22662353515625
109.48420715332031
105.01181030273438
92.294921875
100.28514862060547
104.66959381103516
109.7307357788086
93.37611389160156
115.2764663696289
105.9294662475586
95.33521270751953
123.14012145996094
96.64509582519531
98.28770446777344
103.21287536621094
97.49478149414062
96.71575927734375
91.27442932128906
95.38800811767578
86.49952697753906
106.92996215820312
95.7865219116211
114.00725555419922
97.55296325683594
112.12527465820312
99.11611938476562
99.48051452636719
108.52587890625
96.38069152832031
96.50981140136719
109.8978042602539
106.61289978027344
96.18910217285156
112.63819885253906
127.55488586425781
109.01533508300781
97.29427337646484
100.41190338134766
101.70689392089844
108.875
108.96353149414062
111.63813781738281
97.3173828125
96.89762878417969
88.9427719116211
107.259765625
110.20450592041016
108.19815826416016
97.17926788330078
90.62857055664062
95.12212371826172
90.61575317382812
111.01910400390625
104.04842376708984
116.04324340820312
99.8211669921875
99.76176452636719
107.08805847167969
104.7371826171875
92.49114227294922
105.90282440185547
99.54695892333984
96.75659942626953
94.21365356445312
109.02108764648438
113.84431457519531
113.83668518066406
99.11117553710938
105.43035888671875
96.29788208007812
101.55606079101562
101.58197021484375
116.65738677978516
89.29755401611328
95.503662109375
111.32746887207031
101.42726135253906
101.90743255615234
99.87895965576172
107.7507095336914
99.67412567138672
109.82198333740234
112.57220458984375
102.11872863769531
106.04452514648438
89.37760925292969
133.37777709960938
100.14585876464844
110.572998046875
110.29692077636719
99.72506713867188
103.12973022460938
116.63493347167969
94.11920166015625
101.30912780761719
97.31024169921875
92.03780364990234
113.49943542480469
94.50236511230469
102.00404357910156
98.6797866821289
102.76445007324219
106.71638488769531
108.62797546386719
107.67327880859375
124.83433532714844
115.76199340820312
107.7111587524414
107.34040832519531
102.83807373046875
100.48851013183594
89.79258728027344
105.59324645996094
94.50585174560547
108.06781768798828
108.02086639404297
98.43718719482422
95.66229248046875
127.62278747558594
103.84835052490234
112.61463165283203
125.15252685546875
97.04725646972656
94.87362670898438
103.23121643066406
101.89485931396484
122.7501449584961
99.50981903076172
139.193115234375
130.8927001953125
97.31262969970703
112.748779296875
96.67174530029297
92.52107238769531
118.07737731933594
91.47291564941406
118.9169921875
113.41155242919922
104.91964721679688
121.56135559082031
102.39918518066406
98.67768859863281
143.65823364257812
103.78553771972656
117.4388198852539
99.82868957519531
103.88265991210938
128.68661499023438
97.1126937866211
99.99629211425781
114.90522766113281
111.86959075927734
108.1681137084961
153.0904541015625
110.73985290527344
109.19381713867188
110.69953918457031
111.53905487060547
156.3363494873047
103.22877502441406
93.98004150390625
98.71695709228516
88.47903442382812
88.35368347167969
106.28153991699219
103.3530502319336
115.06010437011719
133.4556884765625
91.95600891113281
84.81588745117188
101.11865234375
111.52247619628906
97.87227630615234
111.65962219238281
111.20085906982422
114.38285827636719
97.23200988769531
125.24687194824219
133.5148468017578
137.61605834960938
121.11524963378906
92.50823211669922
107.37796020507812
113.31672668457031
98.36279296875
103.25547790527344
96.30150604248047
108.33941650390625
112.94390869140625
162.60537719726562
109.64250183105469
94.6630630493164
149.8037109375
133.38699340820312
101.38253784179688
108.33992767333984
97.60358428955078
145.96261596679688
123.13845825195312
149.92495727539062
98.74325561523438
106.69503784179688
141.07481384277344
112.22843933105469
95.6902847290039
123.66232299804688
90.47991180419922
102.82779693603516
131.14743041992188
122.8885498046875
133.84690856933594
126.35308837890625
120.71427917480469
145.74835205078125
129.41697692871094
117.33609008789062
153.07228088378906
114.21976470947266
108.26404571533203
105.84246826171875
118.75208282470703
140.728271484375
147.53468322753906
122.8280258178711
135.5807342529297
109.9263916015625
115.65773010253906
102.90422058105469
96.12521362304688
128.69125366210938
148.16053771972656
118.82232666015625
97.15531921386719
135.4344024658203
110.7318115234375
138.6815185546875
111.78829956054688
132.86732482910156
108.114990234375
112.04329681396484
133.9997100830078
105.29644775390625
104.29908752441406
93.32530212402344
149.0513153076172
145.81329345703125
134.0176544189453
148.57823181152344
104.4078598022461
112.9102783203125
105.89973449707031
122.03919982910156
127.17750549316406
110.92434692382812
113.75209045410156
149.6737060546875
114.57425689697266
115.89501953125
122.57473754882812
126.596923828125
144.34951782226562
139.28390502929688
150.02679443359375
131.309326171875
126.80117797851562
135.7014923095703
124.74821472167969
131.47677612304688
115.28655242919922
92.82022857666016
119.6954116821289
110.35987854003906
116.82833862304688
128.1222381591797
101.92625427246094
119.96590423583984
126.48725128173828
133.6002197265625
152.79254150390625
143.53521728515625
119.4525146484375
118.24909210205078
123.11199188232422
120.45364379882812
101.80142211914062
125.38597106933594
125.85334777832031
126.86090087890625
126.70455932617188
170.55776977539062
111.90919494628906
122.10948181152344
159.62237548828125
97.16786193847656
115.19908905029297
100.20231628417969
154.06295776367188
106.08285522460938
129.0719757080078
96.41578674316406
143.2177734375
106.11219787597656
158.76600646972656
128.6798553466797
126.72674560546875
117.97740173339844
134.13702392578125
112.46395111083984
155.63153076171875
96.53477478027344
156.03611755371094
99.35443115234375
136.31304931640625
135.38963317871094
122.26560974121094
143.27706909179688
126.8062744140625
114.13996887207031
117.04325103759766
117.08082580566406
112.70210266113281
107.85576629638672
144.083740234375
158.98440551757812
99.23927307128906
126.55964660644531
119.73218536376953
131.0418701171875
122.39842224121094
121.5271987915039
129.90707397460938
112.47208404541016
137.74789428710938
113.79411315917969
121.30508422851562
119.20469665527344
133.90618896484375
115.78688049316406
117.2691650390625
124.04875946044922
115.97720336914062
105.187255859375
101.76321411132812
107.60384368896484
118.89353942871094
120.77872467041016
112.58552551269531
105.27527618408203
118.46952819824219
140.4483642578125
129.02224731445312
94.35960388183594
103.18064880371094
118.31781005859375
109.63380432128906
99.71109008789062
114.76519775390625
136.83023071289062
123.95525360107422
107.32522583007812
130.28851318359375
122.38063049316406
107.47028350830078
135.11380004882812
134.061767578125
127.9455337524414
114.132568359375
150.51678466796875
137.50926208496094
130.1873016357422
113.0262680053711
102.37225341796875
120.50758361816406
109.51579284667969
107.60974884033203
118.65164184570312
132.68753051757812
139.6655731201172
178.17938232421875
112.20315551757812
127.60881042480469
131.920166015625
106.65823364257812
118.67723083496094
106.49519348144531
131.20477294921875
133.88870239257812
157.04522705078125
124.93104553222656
130.34451293945312
114.05375671386719
156.63845825195312
140.79385375976562
114.96684265136719
133.54159545898438
139.4405517578125
113.31108093261719
121.80955505371094
121.50172424316406
112.36863708496094
132.16445922851562
144.31466674804688
138.8212890625
150.1422576904297
112.41875457763672
143.71669006347656
101.37440490722656
151.17747497558594
141.77896118164062
169.24322509765625
117.296142578125
133.79966735839844
143.86643981933594
117.54063415527344
125.34614562988281
109.30113983154297
122.48747253417969
124.75537109375
138.31671142578125
107.47026062011719
141.4932098388672
123.90971374511719
118.09428405761719
111.32060241699219
109.22111511230469
99.23684692382812
117.9648208618164
131.81289672851562
115.37838745117188
126.30213165283203
124.34346008300781
124.40278625488281
106.6406021118164
128.33343505859375
131.6645965576172
113.43443298339844
114.72567749023438
144.28836059570312
105.97042846679688
116.77413177490234
122.3288803100586
110.84880065917969
133.1576690673828
141.02883911132812
129.4022216796875
125.42550659179688
126.81856536865234
124.21525573730469
143.5946044921875
104.20675659179688
119.1528549194336
142.20852661132812
122.9520263671875
109.71688842773438
124.02263641357422
118.35875701904297
129.73866271972656
122.12757110595703
121.77259826660156
122.83734893798828
141.04434204101562
115.81645202636719
126.75970458984375
133.85043334960938
126.36558532714844
121.69180297851562
161.26449584960938
115.19284057617188
122.0583267211914
125.48731994628906
126.84661865234375
138.59225463867188
114.00154876708984
115.58930206298828
108.0894775390625
118.07491302490234
164.82388305664062
185.97122192382812
138.86862182617188
163.50796508789062
124.37246704101562
122.35084533691406
137.72726440429688
142.3977508544922
131.99465942382812
131.91213989257812
148.70306396484375
113.6690673828125
121.8250961303711
123.86509704589844
120.55924224853516
142.15725708007812
134.76705932617188
130.60064697265625
152.8333740234375
129.66897583007812
145.37896728515625
165.07080078125
129.83872985839844
123.05303955078125
145.27978515625
121.34683227539062
132.37107849121094
144.26290893554688
146.62387084960938
127.58265686035156
144.86538696289062
161.8262939453125
116.68550872802734
161.9683837890625
149.89797973632812
145.5811767578125
137.19285583496094
117.26581573486328
127.18338775634766
142.542724609375
147.14459228515625
122.85708618164062
173.49867248535156
126.64140319824219
138.01194763183594
168.84423828125
113.55803680419922
112.2281723022461
157.8104705810547
110.22830200195312
135.96612548828125
155.42596435546875
117.11658477783203
118.20023345947266
137.28579711914062
119.74856567382812
127.7830810546875
149.775146484375
142.33172607421875
145.89126586914062
131.5308837890625
136.96224975585938
154.55950927734375
158.61570739746094
113.28418731689453
133.92430114746094
154.85333251953125
147.85311889648438
99.8748779296875
141.20855712890625
119.53656005859375
131.7803955078125
116.33097076416016
144.996337890625
133.38987731933594
137.22235107421875
122.02520751953125
176.33584594726562
137.40196228027344
116.69782257080078
133.8500518798828
119.94790649414062
188.75442504882812
188.58404541015625
142.2965087890625
122.44267272949219
132.86444091796875
155.618896484375
158.30526733398438
128.08352661132812
124.83314514160156
131.2696533203125
127.02615356445312
129.01040649414062
144.67556762695312
127.51512145996094
138.01776123046875
123.39875793457031
149.8028106689453
120.03797149658203
125.08920288085938
153.37075805664062
164.79129028320312
157.1182403564453
160.66586303710938
171.00599670410156
135.38168334960938
113.07669067382812
122.57478332519531
123.61039733886719
131.33987426757812
126.80459594726562
163.34567260742188
153.9248809814453
125.84024047851562
129.7447509765625
196.78775024414062
167.67433166503906
109.98690032958984
148.97451782226562
125.85012817382812
129.59825134277344
181.148193359375
157.02102661132812
133.3057098388672
144.5399169921875
140.9903106689453
153.06643676757812
118.03852844238281
188.72109985351562
156.160888671875
148.80657958984375
166.34103393554688
203.71104431152344
136.90289306640625
131.68028259277344
183.84361267089844
117.54666137695312
142.83790588378906
125.18321990966797
132.21365356445312
158.78085327148438
144.85032653808594
163.86900329589844
144.8531036376953
182.6610107421875
154.29934692382812
132.39996337890625
148.59317016601562
132.91737365722656
114.43926239013672
136.69869995117188
113.73738098144531
155.8412322998047
172.8883056640625
139.29739379882812
153.4781951904297
101.19646453857422
120.96737670898438
145.080322265625
122.5756607055664
141.40670776367188
126.55448913574219
125.64132690429688
130.9289093017578
138.17153930664062
126.029052734375
132.49575805664062
147.71221923828125
121.43798065185547
123.88079071044922
172.89532470703125
132.08782958984375
147.5498046875
164.36566162109375
153.31979370117188
123.32563781738281
134.87918090820312
131.1815948486328
144.11016845703125
121.984130859375
128.7632293701172
144.6627960205078
117.85406494140625
111.893798828125
149.15133666992188
174.35699462890625
140.16970825195312
148.022705078125
199.90492248535156
154.84536743164062
134.4913787841797
147.94590759277344
150.16357421875
151.35147094726562
121.2374267578125
136.15744018554688
117.10389709472656
119.65975952148438
158.05157470703125
102.11617279052734
120.24313354492188
154.39662170410156
169.27639770507812
150.28634643554688
129.86972045898438
142.5460968017578
115.18914794921875
153.2387237548828
129.72360229492188
141.38064575195312
136.56991577148438
121.94400024414062
121.86294555664062
127.3254165649414
141.82598876953125
119.71043395996094
156.48439025878906
148.34683227539062
116.38827514648438
150.88951110839844
140.24095153808594
125.74761199951172
132.71505737304688
116.35563659667969
107.66432189941406
146.4822998046875
137.9540252685547
162.75411987304688
135.56251525878906
140.96739196777344
138.4428253173828
130.43592834472656
114.12915802001953
106.3489990234375
129.32656860351562
119.90039825439453
125.54179382324219
141.4039306640625
103.55317687988281
150.82272338867188
135.6549072265625
148.7998046875
122.81632995605469
131.35208129882812
139.13583374023438
121.31573486328125
113.08780670166016
162.6213836669922
137.88766479492188
149.13983154296875
110.597900390625
125.34976196289062
139.4674072265625
143.45750427246094
174.2998046875
160.44058227539062
139.6391143798828
154.04437255859375
132.79833984375
146.38307189941406
129.26458740234375
142.9420166015625
138.95436096191406
145.8853759765625
101.53917694091797
151.7661590576172
143.035400390625
130.5084228515625
147.03787231445312
161.27963256835938
133.7598419189453
149.007568359375
137.95706176757812
136.87918090820312
150.95730590820312
133.666259765625
184.24374389648438
162.16021728515625
133.34097290039062
155.26307678222656
142.9963836669922
134.0119171142578
151.40309143066406
154.06944274902344
120.80180358886719
131.30694580078125
133.46763610839844
131.67581176757812
124.63129425048828
139.27102661132812
123.54855346679688
144.3497314453125
121.46754455566406
149.74876403808594
126.32318115234375
123.52565002441406
143.61878967285156
142.98040771484375
166.8358612060547
150.98458862304688
167.19161987304688
154.4177703857422
125.79163360595703
119.48008728027344
184.703369140625
134.63865661621094
107.5174560546875
163.71446228027344
148.17822265625
133.8738555908203
121.4649887084961
153.17120361328125
137.5113525390625
126.32579803466797
129.80859375
142.92343139648438
144.43931579589844
143.55096435546875
124.35123443603516
126.30818176269531
133.57586669921875
137.105712890625
136.4551239013672
138.1096649169922
126.37458801269531
138.3499755859375
136.0486297607422
147.43580627441406
130.5537109375
131.93736267089844
161.552001953125
156.736328125
114.27584838867188
115.5064468383789
142.5751190185547
148.08436584472656
149.98342895507812
140.29061889648438
126.62202453613281
146.69410705566406
155.5113983154297
140.4127655029297
146.9365692138672
153.25128173828125
126.50492858886719
117.49906921386719
148.98269653320312
147.92039489746094
135.0838623046875
138.23150634765625
125.72779846191406
132.4324493408203
132.2665557861328
151.09091186523438
175.82101440429688
138.01708984375
108.90434265136719
111.01871490478516
147.91635131835938
155.3762664794922
155.60198974609375
111.91925048828125
139.36248779296875
126.47125244140625
132.97711181640625
150.9937744140625
162.6266632080078
148.04824829101562
134.11746215820312
130.86065673828125
148.24002075195312
145.77940368652344
146.74598693847656
124.22947692871094
130.7276611328125
131.77484130859375
106.90819549560547
124.07501220703125
124.8626937866211
150.42349243164062
148.131591796875
135.74954223632812
136.8525390625
147.666015625
151.48802185058594
148.9669647216797
159.14764404296875
145.0755615234375
158.73683166503906
132.43858337402344
142.5655059814453
139.49371337890625
154.1219940185547
149.9415283203125
127.35648345947266
146.8712615966797
150.4394989013672
130.3370361328125
161.91751098632812
176.57684326171875
115.0595703125
151.22512817382812
149.04995727539062
157.79318237304688
125.67900085449219
131.23013305664062
114.61080932617188
138.00616455078125
132.57635498046875
130.20860290527344
149.5837860107422
134.65963745117188
131.33578491210938
140.69021606445312
132.53909301757812
135.22430419921875
136.38697814941406
140.54000854492188
141.5626220703125
139.79953002929688
139.28973388671875
145.70989990234375
140.09808349609375
143.42373657226562
142.9678955078125
154.39630126953125
133.93106079101562
152.1902618408203
133.94285583496094
153.02670288085938
149.1177520751953
121.57540130615234
142.47145080566406
154.62908935546875
158.42372131347656
118.91305541992188
161.51332092285156
175.2952880859375
131.4615478515625
165.29766845703125
160.64401245117188
112.80069732666016
148.478271484375
152.33642578125
144.5857696533203
122.14032745361328
145.45462036132812
132.17190551757812
127.68148040771484
149.1588134765625
163.34275817871094
153.23941040039062
130.21060180664062
143.48037719726562
138.22564697265625
126.77337646484375
126.82998657226562
145.9736785888672
125.80574035644531
147.03173828125
127.70878601074219
161.34133911132812
138.19842529296875
125.13627624511719
133.59896850585938
135.6190185546875
139.78964233398438
129.05892944335938
157.50271606445312
150.8540496826172
133.60646057128906
124.59965515136719
114.22551727294922
140.629638671875
129.59768676757812
167.53338623046875
161.10061645507812
117.44247436523438
141.0917510986328
147.5157470703125
141.32586669921875
155.01986694335938
144.25595092773438
128.92086791992188
127.76298522949219
156.24172973632812
157.7095184326172
164.56118774414062
167.5517578125
144.99124145507812
140.87997436523438
128.94964599609375
132.71054077148438
118.64790344238281
137.03982543945312
119.59686279296875
132.029541015625
144.20367431640625
172.22784423828125
116.10044860839844
139.20352172851562
160.29315185546875
164.71469116210938
142.78372192382812
132.387939453125
137.46742248535156
111.9963607788086
151.72946166992188
142.9932098388672
123.83920288085938
140.74765014648438
147.7320556640625
128.26565551757812
145.72665405273438
150.7198486328125
126.08711242675781
137.81796264648438
145.3981170654297
132.98635864257812
141.81787109375
147.20469665527344
125.69219207763672
139.09518432617188
148.85894775390625
113.56304168701172
132.77557373046875
129.29354858398438
149.59237670898438
110.30145263671875
124.27377319335938
129.31346130371094
134.21725463867188
136.85446166992188
134.45870971679688
128.05484008789062
174.593994140625
126.9534912109375
135.97299194335938
160.91714477539062
108.40318298339844
136.0493927001953
141.2528839111328
134.4520721435547
128.18641662597656
183.267333984375
166.72030639648438
130.4119415283203
136.9875946044922
149.35462951660156
136.77020263671875
135.21673583984375
146.23550415039062
145.089111328125
146.39804077148438
148.68276977539062
164.84445190429688
139.69036865234375
124.86845397949219
123.87030029296875
128.0850067138672
167.58253479003906
122.53450775146484
161.6351318359375
132.1271514892578
151.53997802734375
164.7858428955078
134.83013916015625
162.91917419433594
122.83232116699219
163.658935546875
134.35243225097656
119.58844757080078
131.61074829101562
156.07748413085938
152.49606323242188
131.71688842773438
118.38314056396484
153.08670043945312
162.19515991210938
151.7137908935547
116.64065551757812
146.3114471435547
126.63557434082031
135.45010375976562
136.138916015625
150.96829223632812
119.93362426757812
131.08580017089844
131.53518676757812
135.4137420654297
125.08882141113281
108.52354431152344
143.23651123046875
153.44168090820312
131.33230590820312
157.35498046875
136.68325805664062
128.2274169921875
140.24742126464844
144.53244018554688
110.37297821044922
159.24661254882812
132.37001037597656
140.7286834716797
