0
0
39187
23678
31444
29244
29279
34844
35188
29767
23465
31462
9231
25151
19465
12180
6034
20797
8544
12208
10426
19511
9205
15578
20536
8604
15202
19866
17936
8648
15079
19483
8013
5312
7926
4494
6823
2839
13047
6749
8081
4250
5212
4047
5277
19809
3225
3470
6223
5938
9102
3519
7200
14917
16103
9213
3401
16010
5642
4965
3913
14115
7822
7735
11429
7908
7470
14943
5242
4900
2490
4627
4059
3480
13197
6543
11029
3852
7149
13654
5208
9802
2868
16972
5073
3309
4478
9787
5778
16975
5080
10124
4458
17285
29672
5592
6562
6498
4157
5364
5625
3972
7564
3638
7471
2322
12430
3289
7954
8842
14840
5751
5824
4080
3566
6399
3090
9023
4253
5650
3999
9059
18384
3571
5122
4994
5975
6857
7945
5509
2640
19533
3426
5838
13798
2934
6464
13827
6367
1887
5950
2743
3704
15597
3214
4395
12705
3621
3868
18118
8813
3196
17398
5529
3343
13533
5110
8652
4251
12312
2991
10149
10970
3307
6624
2975
9619
10512
7709
2975
2383
3472
6043
8035
11665
2133
6495
7315
13368
19260
12921
3230
5061
7367
4547
5071
5132
3359
6109
3701
5953
3237
5872
4070
8318
3302
2496
4377
6013
3275
6534
7995
3322
3535
7952
6396
1675
7784
2319
4683
2824
7366
4620
4276
4163
2632
3278
3905
2781
2669
6417
5803
5914
3281
3080
8097
2175
11406
2433
2804
3970
13633
2788
5831
3809
7883
7828
7608
8949
9643
5267
4819
11544
5565
1860
1970
5054
3946
2537
3527
4655
7797
14768
7009
5489
6306
4176
5141
5995
5474
5313
8467
6302
2357
7794
2695
7087
13634
9945
3641
9876
6571
9173
3696
13569
5379
2622
5769
3166
2587
4395
4235
8232
5511
3217
2540
3355
4801
3575
2418
2773
2836
16146
2882
2426
8700
3298
2671
4946
3878
4054
11754
14327
2990
5857
3851
10604
9655
11880
13515
4158
30014
6423
6514
4157
5579
5561
5929
10953
2133
4516
4167
2123
8807
2435
3630
2743
2520
5118
10251
11427
5351
8815
11880
9425
9004
3047
7100
4444
2409
3064
8877
4051
10918
5234
2904
9027
1726
1725
6899
4408
5196
5193
1246
1922
4524
10353
3848
4455
2517
4966
3774
4123
18340
4140
3246
4184
4391
2084
4818
3235
5378
3715
5536
3639
6932
3864
7239
2933
5626
2538
2748
6115
2995
2421
5183
3963
4087
2471
6132
6218
4665
1924
6955
7346
1566
4796
11152
9571
6207
2048
4659
9551
2527
1921
5077
5154
4996
9235
10337
1591
1713
2656
8423
5321
1547
3384
3880
4970
4989
4553
4102
2333
4700
4722
4044
3628
2465
2423
2321
3895
3074
6793
4755
7833
1437
5895
2560
4671
5965
5904
4771
3242
6851
4540
2163
11755
3518
6762
7891
8518
1467
2414
1509
6263
2307
6593
1986
4213
2537
5261
3095
3246
3143
4893
5413
2547
6396
12989
6281
6941
8249
2489
2875
9919
6061
3849
5795
4738
17017
3272
8539
6376
2794
5455
3505
3532
1944
1617
1219
1855
8128
11171
9549
2315
4774
4269
10523
10494
9424
11028
7684
6396
4597
8382
7290
11897
8456
1787
16133
3229
8770
3122
3495
9088
4143
6385
6728
4911
11752
2811
3455
5127
2484
7964
2548
4330
6339
2757
11800
7630
3292
3841
11060
9853
6819
4424
13884
4017
8898
2086
14966
4065
3249
2459
7540
8507
4888
2910
5466
10362
10632
2897
3505
6166
4466
3663
4953
4072
1490
2341
10930
6782
12080
1372
8633
3302
4766
7937
2029
2295
2530
9657
2449
2647
5540
3137
4518
9461
4319
6291
12296
3156
1847
3942
5339
2586
4306
7323
3722
2450
4338
3716
4475
4383
4801
2677
4846
2073
7646
5483
7404
4432
20163
7158
12938
8939
2405
3259
5305
10487
4529
3132
7076
3523
6981
8614
2598
6477
3941
16910
5112
4433
5008
3321
6347
5385
6653
2933
4956
6310
11939
12424
2109
2806
3619
3302
4819
9189
8224
7280
1834
3725
9984
12958
13111
3781
6812
4298
6325
2055
3483
1919
2118
2384
10448
6866
2220
11517
4278
6296
4109
2104
2775
3228
6134
11218
7421
5007
3124
11598
2230
9099
3935
1771
5611
4837
9581
6850
2733
2556
2331
2565
7491
4633
4325
4509
11930
3053
9376
4929
3652
5018
4512
2729
6074
4239
5066
1668
1480
6199
9730
8857
4000
8946
2594
9126
2042
2491
7057
5793
5716
7700
11619
7516
2329
20698
3219
10095
2183
18186
4400
20573
8004
19545
10087
2624
8066
2511
3177
6291
4320
2912
2726
5149
2127
8693
10960
12493
7478
8929
3887
3539
7617
3950
13183
7096
2678
3334
7145
2163
9353
9838
4403
4392
11029
12183
5902
1905
13586
2889
8372
2167
5087
5394
2729
2592
6110
1824
4655
3737
11965
7814
8941
1788
2344
4928
7955
10954
3411
9575
7484
6771
6544
6887
5234
18880
10234
8496
15280
10253
2659
3730
5305
5764
6224
8245
11457
2252
2285
5851
6216
5406
3834
3177
8883
17919
1480
9732
8835
6261
6887
34792
9056
1126
9062
3017
2824
3253
4216
5603
4397
10571
9657
5022
9830
11100
7316
4038
15179
4760
14079
7179
3431
8788
6363
2992
6774
4183
5504
7344
9418
2421
3669
7869
11157
3764
1368
11973
13155
6451
4792
5712
11800
15869
5467
3874
2081
6638
6824
13255
1198
4928
2839
17646
10657
3760
5667
3199
2169
3251
2859
4816
3785
5621
2681
14376
16039
27202
7088
2160
10167
4444
16030
2823
8607
3665
9848
5509
10382
2805
9083
1851
2873
6534
5797
10392
12965
6803
7087
4668
5457
6974
14790
14222
6350
5181
1220
3578
5748
6617
6402
12297
19625
3066
10864
8991
28417
5377
10294
9185
29231
7455
16365
10597
2097
23286
3004
11760
11497
11076
11292
5133
6652
2734
13733
10916
1538
4989
4285
4895
4288
4057
6268
5202
11915
2424
2346
4543
11182
3564
9175
11228
10988
3737
12368
7474
26776
7652
13672
13201
4425
8805
10890
5164
2735
4254
2966
4007
2871
4733
2445
6256
10352
6070
2106
5152
6283
4757
5654
8461
10529
20538
3857
17565
8200
4589
6189
5296
10879
1948
4861
11873
2759
3972
8430
11878
6587
7284
1776
2977
7046
11711
8306
7542
8274
2691
22932
17308
1748
6284
3636
4243
3388
2504
7434
6063
5284
12270
7034
5694
10306
1671
2411
7753
15235
7402
5762
3678
11019
6751
13930
5327
19930
7114
1162
10441
2759
4331
4685
8445
7984
5556
7815
4603
4460
1004
1395
4840
3063
2202
7393
3436
9490
3585
2912
11069
9041
4896
1084
2448
7737
4304
4751
5297
5915
7015
23222
7296
14334
2252
2777
4926
6889
7893
4916
7669
1605
9118
7547
4351
4218
9969
5596
2076
3060
9190
10321
8750
8978
3181
9837
9614
20846
7797
3774
3828
13317
4180
3277
8096
21596
9911
2662
10466
2444
23039
8632
4807
7261
2408
14070
3998
26301
4152
6058
4450
2803
5115
1804
3101
12182
13103
3439
7791
2632
12664
12185
24900
9846
23145
9392
4481
8847
4169
1677
11405
12988
5129
4548
2280
8402
14098
25647
3971
2214
2717
13043
12561
7742
1009
7174
1240
3013
6672
13761
5154
8832
1932
3934
5661
13808
6345
10600
1762
11402
12533
2187
10557
16785
2656
2360
15947
4514
4035
9797
24443
7751
7721
2030
14535
9765
2529
4863
8292
5908
5497
5315
4479
6977
9766
14491
1787
12540
7813
4848
7425
10834
2615
12536
12394
9451
10472
29108
2945
11693
2536
41868
8834
12889
4248
11865
12375
15908
7329
9442
22439
15147
3496
4843
6002
5959
9582
4108
7158
2103
10662
9424
9557
10110
9362
7333
8303
17716
23892
12913
4535
16691
6401
20720
12038
3559
9739
12820
25202
7282
16065
9955
20753
29152
27141
12191
4324
13346
7485
5652
6773
2268
4229
8063
29407
7147
9427
12806
23971
8541
28408
10889
12160
24156
8535
7857
2810
28800
7376
14472
7864
11000
16340
3353
2517
13764
16527
3977
6141
9836
10915
6286
7235
6443
4997
9033
4910
5059
1883
32663
4570
19833
6067
24660
7872
24254
6251
8112
9654
25819
2159
7364
19122
11100
6017
2017
16165
2535
17969
5398
29787
10692
2475
9074
9469
22753
6230
3781
5284
1966
7898
5145
6285
7369
2453
9991
12552
28033
2511
10844
19909
2641
10605
9646
7802
7665
6755
1880
9694
7741
10603
10297
21377
2610
12352
15484
10940
3415
7350
6206
3679
8054
13989
2642
6630
9785
6129
1858
20862
8436
12523
10734
6986
6275
3488
10822
5903
17604
9540
10060
8796
23770
23648
17633
10600
23230
10333
2892
10748
2500
4437
10019
8272
3477
13421
24453
6601
8945
6841
7808
1072
8430
4905
24978
8905
27894
14761
32150
19643
27762
28677
30219
24587
13615
30213
24524
9313
9998
13392
14372
7773
28490
15536
15336
31983
31835
33092
31748
2469
21185
9276
10102
8259
6936
6300
7508
4959
6147
10814
2250
10430
3885
11844
7636
24161
1600
13261
12178
23813
6751
23270
17044
21759
19258
8204
28850
25988
11981
8642
20368
22646
6977
13371
10185
25603
13305
10234
10062
6603
8133
9674
13283
5462
8517
11240
22889
20232
34556
12288
29178
12761
9918
12235
12038
29732
21415
31006
13858
3252
16731
13688
18793
7729
1874
18086
13661
9250
6214
22734
16268
17136
23809
27152
6392
8857
8272
5687
6469
26980
24138
11758
22297
13583
29291
10191
17800
28417
21432
8615
13949
13632
14135
16391
16472
4466
15722
12362
2781
11997
5462
14706
3191
20741
11570
24067
13561
18101
3802
5655
3624
6910
4841
5100
9672
10703
6026
10519
13739
26423
2922
10555
23044
26875
5344
12230
6063
20450
8886
9313
9879
8599
10190
12336
10765
8257
8649
1981
29949
18970
28134
7319
13026
9714
6512
10985
7007
1505
8346
8502
24569
7402
9774
11836
1748
6976
10282
15393
5180
6237
12972
11622
23615
11784
3101
20876
15893
7819
10110
24495
10247
9182
25024
26088
20985
11441
30146
14269
7893
6670
6204
1424
6584
4874
17122
6999
22106
2642
9382
16274
9265
7449
8373
13626
7931
26348
13741
17785
10531
8207
11147
11277
23920
20877
8366
13689
9410
9457
12531
26842
2653
23976
9336
9771
5128
10253
6009
1830
8397
11659
12760
10469
10189
11122
23187
12004
2601
8929
8640
18499
7939
10737
9069
14880
23554
13253
8873
21442
10926
8987
8095
21370
14205
9712
24415
23246
18034
7247
8539
8243
10858
6660
7313
10013
24182
23359
28125
25188
27468
4039
12415
16755
17502
8720
9305
17414
16721
8988
10851
24454
4311
29467
16244
9373
12547
26682
10478
8170
23301
20451
24347
22144
21679
6934
4738
9484
6244
4782
13832
26838
13534
10507
4172
10353
14878
19519
9863
10344
12255
19519
3358
28890
8171
8711
10327
22461
8873
10031
10443
24590
7868
11511
20957
23076
9259
12963
10292
4145
7515
7711
3179
5413
2753
13788
6367
11890
7489
10724
2700
18043
17356
10688
10404
9024
15793
11706
9578
8465
11464
2400
9716
4461
5951
4175
18731
10806
1756
6647
8548
8900
6686
3940
10571
4241
6564
7170
9577
5988
8116
25514
21583
11604
10386
14592
24064
2321
30603
8167
24359
10816
27911
2965
2459
14547
3235
11454
7711
13738
11507
13422
7777
16665
22203
23083
10307
11249
3952
9297
5415
7875
8362
5800
5716
13569
32547
14245
18701
9988
27576
16575
21406
10584
14587
10038
17689
24174
2395
25497
12384
20325
2621
4856
18615
8954
10770
11815
2185
9006
10865
18235
8587
24265
11872
2843
11303
5982
5853
6262
22946
10111
7700
24445
9993
11386
8889
23928
9021
9403
11881
22406
24976
22862
16149
24004
28047
27054
28234
16950
11325
32502
3322
21363
12314
13013
9928
14623
10959
4172
7833
6782
9982
6701
6971
12057
10334
29657
10731
32070
8846
17319
15626
15509
25103
15691
9108
14372
27025
26889
20594
13175
27719
15856
15960
9918
2259
15496
14216
11897
3658
26609
9499
27291
5160
7212
6546
9969
9232
2021
8025
13091
1636
10476
8892
8503
5736
7015
14410
12172
10783
1610
27701
9925
13622
7372
14529
8975
2227
28830
9843
12988
7891
10520
11720
17426
5957
10365
6149
9469
4054
10606
3921
4263
4674
9992
26581
11327
8711
13034
22334
21487
24689
10041
14448
14914
27256
13941
1922
8501
2796
20115
2147
3051
7228
20874
10281
7474
8247
2837
7015
16254
9059
8893
12571
2901
8113
8417
6260
6641
29325
22943
12475
9002
29468
3922
14032
3831
9390
9941
10344
3377
12182
12256
8942
3075
14097
1760
10673
11680
18981
6153
17466
15520
3866
21877
15378
14637
10436
28097
2907
8863
5043
9086
6944
14947
17200
9486
2159
18134
10813
3795
8015
3924
9557
10124
18833
7415
12819
8703
20626
8971
21017
8272
17623
19495
11988
10407
12605
11876
2793
28565
15070
14538
4973
5838
2436
5299
3128
5811
2293
14279
5822
14275
12240
3418
9097
14362
7673
9653
8391
14600
22270
14874
9048
18007
3695
1360
5912
7843
2675
9886
6600
5714
23460
7035
12208
7098
31782
6056
1801
3552
5446
5045
9188
4997
19317
7318
8212
18453
11603
10075
9889
9037
23326
10019
12561
10404
11059
12630
11329
10785
24546
11600
11440
23838
8056
10634
9360
7839
23587
8775
8716
7329
7417
7844
5024
4940
2087
7616
12083
18950
8922
7205
14421
3088
5927
10814
12533
3559
17142
23703
9374
10907
9042
20774
13125
7792
14936
18352
15610
26014
4043
8969
6675
20987
3487
13577
1649
3179
7537
8313
6224
4632
8257
9384
16738
14466
6789
8581
17809
23546
6068
20251
8632
9366
5703
5475
8937
10284
4563
5837
8026
14256
1799
2153
9783
5502
10788
6566
11028
4532
2215
4344
8578
7314
4246
3545
6067
14457
8100
22118
25368
24432
21544
26273
12343
10569
11145
2337
10715
7625
10355
2589
17866
11113
14029
7046
8246
10733
14569
24471
14507
3456
6621
9066
14077
12045
6937
5806
11122
10051
9443
6295
13861
12607
23304
15583
23100
8230
6247
19128
19098
12859
6070
27026
17574
15669
15713
17041
5207
21014
19918
9741
4395
26493
19246
12762
18974
24802
19863
22231
32517
28920
7860
2694
4332
10382
9212
1532
7505
23776
19008
13343
9819
6273
6287
14466
16538
10206
5259
5414
8506
7932
22618
5638
11219
12710
8748
20037
24835
4872
11523
9676
18326
5357
18162
9342
16994
6390
6688
5609
11714
8261
12092
10913
9925
24060
23057
24041
8967
13145
14595
15821
33050
13731
11162
6548
10452
9323
23428
13464
11902
10328
10157
10143
17757
7317
3655
9491
21462
8104
15140
11318
6293
5805
7334
4726
6684
11444
8059
7348
19637
10931
8284
14955
13985
18881
14760
12541
10325
24726
20805
9204
16197
14891
10657
10446
5192
11129
15080
17180
5648
3279
10326
13670
8573
8303
8984
5258
4871
1316
6996
7752
10534
9784
12925
17721
22375
7960
13804
3216
6616
9550
9783
2875
13659
3388
3331
6912
9169
8638
8800
8606
13226
5488
14326
10020
7190
13777
14715
12053
9473
2861
6237
6298
7609
5544
6283
5797
17136
17972
8406
2605
4587
2847
6721
10822
10774
4840
6656
7854
8367
5213
8392
8793
8665
5862
7992
5288
5915
6977
23365
4931
6879
11242
8004
5737
15710
6306
5423
7510
3712
8003
13239
12569
5079
10451
7307
22913
8153
10934
12984
6511
6554
3857
9762
5707
8144
3769
11812
25120
9463
21822
13318
14131
3768
7557
11857
4420
10690
2071
10282
4750
4433
7398
6449
1066
1479
9778
15517
9341
7935
3301
9036
5819
7828
8847
5738
6477
7755
5746
11793
10178
7279
4950
2195
7870
4562
10312
9439
3185
4338
9332
18698
9689
7010
11231
9304
4211
3957
4229
2193
7049
9830
15543
9002
6354
19717
3660
8228
17094
8716
9054
11783
11585
8647
18946
12093
5927
9987
10210
10731
8600
5956
11056
19614
13125
7295
18483
14086
17072
11537
9554
7509
10019
8901
6902
12722
11901
11029
21088
23347
5421
7377
15955
13878
11630
3067
10488
10166
17420
9407
8392
3405
11073
8467
17130
2960
4910
20630
20332
20084
4636
13137
9910
27571
21927
8313
1539
6599
5203
5788
10913
10380
8929
24617
24384
21494
11672
13001
14671
14701
7819
12476
13512
15607
6956
24598
24429
8681
10366
16922
9466
9425
3841
21192
13319
7612
6235
19606
7307
5005
5055
3942
6449
4239
14143
10083
23025
7148
21013
10309
23205
6335
5621
7470
13129
9361
4888
9901
16620
2174
21661
10026
13271
6734
19667
14366
6967
11811
21338
25238
9366
9835
16794
26547
7974
6605
7484
7002
7825
3178
19227
9765
16686
8027
17937
9090
16767
1912
17649
5136
17013
5917
10487
5719
15645
9307
6604
15565
9647
19139
10549
19408
7084
15574
12110
20236
15364
26070
10027
6616
7281
6820
8035
7589
16757
14922
16129
18851
25504
15444
20392
10123
9891
14586
18653
5819
6958
16577
20968
20210
9530
20810
20595
20591
2013
11074
12980
5303
6341
20025
18729
18509
7765
21424
5571
9782
5374
7456
5459
12402
7977
9780
13256
24086
22576
10465
11316
27132
15399
19415
10382
13400
22630
14722
9968
11335
25814
14501
10765
24959
16441
10255
18775
24670
15138
3807
11985
5613
7864
5292
7434
4335
5301
4779
9333
19171
17571
15954
10792
8105
20795
10316
14817
9440
21353
9981
21058
18220
21927
10671
19082
13738
2922
20343
18531
13360
8566
2722
2237
10271
6334
8409
4545
17389
5858
10093
4747
6556
6396
12915
15958
18230
13021
25288
22070
3360
19111
13708
21081
3659
2100
6758
9077
4329
7663
9219
4013
7163
10019
10709
12863
9220
22469
16876
18588
11021
11131
15459
13797
6178
4766
6258
6860
1136
6470
7260
9776
5808
5760
11855
8753
16014
9692
10685
16849
14461
1458
10631
5680
21788
5093
24062
6256
22060
16756
20270
12469
17817
13558
17397
20843
15191
8813
17921
2245
6297
6702
9462
2182
18320
6289
8091
3498
16872
19971
8848
10607
18888
9265
26773
10049
3723
1927
4526
7768
10196
3197
11319
5539
15030
8039
7137
1356
4393
8868
16546
10840
3384
26020
2545
5387
8900
9983
6909
15053
17964
20905
21220
7956
11243
16293
22127
25315
8177
2166
23067
7632
17550
7341
22392
8564
1430
24375
12982
2297
5098
7016
3989
4075
9600
10187
4596
10793
6262
5170
5518
4884
4477
4324
19016
15601
9735
9162
22913
8611
7653
4175
3026
9642
6409
4100
7019
14002
6937
3587
17444
6413
9671
13232
4833
7579
12359
14011
6180
24974
7401
17935
13632
2355
5928
7402
6355
1589
5162
9980
18146
12668
5408
9486
7319
11415
9233
3456
11338
1672
11859
5689
6661
6680
8641
10112
5311
17061
7227
11977
5935
14578
3321
14072
8636
9662
6917
11086
4707
5456
5394
5368
5361
5359
2259
5347
5383
5384
