0
0
16169
17197
19124
5438
11888
5305
7526
24265
5643
12487
3967
8452
20052
7403
6824
4624
9033
6855
7321
11705
3436
5680
10823
6801
6130
6271
5614
6752
7559
5513
6548
4495
33638
46129
16833
7903
13716
11155
6144
9789
13036
10109
14775
5552
9564
11483
14004
13128
7772
10159
13174
7970
14841
11331
9668
7879
11888
5100
6100
6576
9206
9561
4293
13485
8652
10421
5526
11669
63787
24305
9530
15431
11476
10775
9330
8212
5204
12762
13481
10368
20084
5594
4765
6249
24314
10255
11602
22969
10872
15959
15105
37357
4207
22414
30333
10258
15908
8731
11881
10282
4081
8881
31097
69506
20677
12118
35774
6256
33205
7984
26334
19612
5752
16676
7937
5634
5150
4796
7593
6234
9923
7301
5484
11039
5759
7896
23915
28832
45215
47990
12831
52635
23596
16024
8016
12151
12828
7540
28611
15989
5519
38259
8492
9578
38218
6928
24255
15243
4448
11490
9094
8032
7556
3476
7976
32062
5152
19152
3783
29663
9088
22880
14025
4382
43568
30822
26405
23057
14557
8749
6766
5899
45177
28875
43678
7797
57503
8770
9301
16028
9022
71292
11199
8293
10645
7472
56182
10572
7586
9236
4530
7948
32429
6376
18077
7316
10836
11052
5054
47668
24924
20714
39219
6879
10267
36928
11872
26960
36756
13997
60119
11102
30371
12529
6409
21289
6801
10510
40703
5494
31184
14192
27775
32998
6655
63378
4967
27550
14845
5866
12255
8786
13585
5836
4313
10183
40772
56221
25879
19392
13884
5573
15531
67166
41641
35340
23698
37792
11034
39754
14115
39515
10366
38498
9542
8104
8112
11984
13215
29756
32971
27774
55531
9515
25620
11907
26543
13251
14981
6891
40391
8964
31613
23910
6635
11431
7081
34454
51812
38242
8650
30043
13194
12431
7068
10055
19946
11121
11304
7601
34080
25884
22329
57949
13926
18036
30872
11015
13145
6966
8333
28161
47758
9778
24892
33169
37791
17571
46049
49982
8052
27212
23220
94587
49656
11339
73753
14692
29917
42810
3437
45195
8835
33148
6485
4581
6902
9202
14485
12463
6102
8099
4209
52519
9894
26583
12069
23967
15090
8355
5443
7642
7123
15744
33364
5858
53124
34117
95603
47710
34976
32357
16699
39662
12459
13088
8757
6913
8917
7265
4508
50220
40133
31536
35456
6915
6516
44583
4810
14161
9823
5306
16418
6629
11667
4555
5674
10104
4998
5886
33591
5751
70508
38782
8733
6764
7841
48278
5399
19124
3143
22506
11308
8545
44076
26758
4439
18939
3290
4148
22947
2458
20974
19131
5273
9775
4782
43025
2691
18666
8307
2959
5628
2949
4001
3643
3411
60716
8275
12147
7141
27916
58973
10096
18158
10915
2934
6495
7476
34118
41009
20088
16681
51267
21596
10698
21026
5667
35120
6476
5989
22931
22729
19971
11980
11522
19327
21415
28996
36414
29170
10110
50609
15956
23258
5717
9278
5506
49298
3948
20094
3864
26824
10245
6691
8119
22063
24526
22527
28040
35651
9128
28383
40569
15374
22379
6646
25083
8476
8352
10045
3142
29547
41573
15649
39762
10909
31945
15335
77807
63669
14762
17402
12258
5729
9661
5001
24097
50164
40110
34856
27328
44828
21963
27178
36721
56494
40755
5448
56153
8234
28987
24171
5447
41641
38636
25451
25946
9399
4335
27477
16305
59165
16274
36289
34205
13807
9812
11320
13980
9106
50494
5108
21778
15094
47094
16523
28625
7929
70455
6884
39952
10410
32405
16832
25948
17244
28700
8570
51851
10745
12152
11028
6316
10904
10409
20368
44312
31544
42381
65744
68903
48336
52226
11458
25253
11022
7078
5166
6848
62873
10257
38200
7184
3681
19865
44486
10951
23842
24088
17950
32987
21496
3884
4709
59460
6120
26904
12157
3917
17233
88114
40248
40218
27113
45471
8832
43810
5313
20625
14485
62700
28154
36872
22950
39442
14355
13857
29726
7313
48099
34842
13203
33230
31038
66830
57110
11551
46370
9165
25578
68802
4068
26180
21813
22074
41139
52119
29037
33780
64344
32587
32859
5102
4622
42743
47045
37906
42198
10412
10907
8082
53984
27018
22267
75285
17853
38974
23904
24489
13752
14022
12446
26080
31425
44532
58467
35869
31323
34645
54937
29442
26323
36959
28422
69347
60122
11553
33923
12076
62914
20606
13130
30500
28858
53748
72807
57132
8216
3728
14072
37750
51659
25447
12408
21917
45420
34304
35851
7724
21806
30656
7069
56777
11735
39268
74493
6646
60451
24476
38301
22782
40273
28847
33818
9724
15799
7369
9129
35531
29237
61705
29613
13672
31350
9198
52632
10396
54019
12011
28199
46215
65287
67299
30408
33448
53118
11499
17443
31027
14219
33301
39831
51407
18923
40346
41182
70157
69784
11311
8554
32547
39311
53761
33900
36241
13158
8354
17751
5592
6085
5148
40952
53196
57477
50262
21035
53190
35891
49178
16505
10733
26424
14374
9224
25335
14536
29869
69803
59069
47014
41853
84090
7163
14997
33595
10731
19315
12394
67293
32858
37292
83708
34952
56602
45456
21259
38226
66198
67948
10715
5580
34576
55507
64354
50095
24551
17055
7336
72165
56161
48943
38373
56660
74468
28813
38115
25947
57403
81367
46942
47142
16195
40861
40008
6300
5994
3579
9523
55674
21568
8587
6686
35463
55707
21552
9558
26262
36586
45081
23839
10142
5114
27402
34450
42556
44684
31490
79509
35116
14453
21109
25120
78894
41169
12533
35156
24260
72996
34577
44017
47046
37686
75139
54420
12355
27774
29216
81759
53264
17278
5728
26133
75108
42897
54552
22650
8563
4763
24293
83437
46852
44564
21352
40009
55111
44825
40587
22698
46528
41468
31518
8817
20024
68278
28479
37656
43574
20318
41927
21375
6224
3541
25022
40420
61336
18590
31488
11691
7949
42996
34633
37138
35664
77291
31074
11960
50679
20658
55539
14253
37713
5405
17662
14531
29544
12997
24481
20515
55238
64206
38811
48557
18604
38209
12373
45446
9206
27343
67433
38945
39917
11073
22154
21304
61083
9608
4238
2654
23681
64992
79173
46022
45397
21119
8418
40782
28833
9628
17564
42898
45381
18868
31245
27779
38151
62113
44474
38915
17696
41877
49289
18125
5319
4178
6994
4781
5694
4581
3751
42538
11080
28503
4673
24115
64868
41961
40960
45808
34848
81977
42034
37938
28242
10810
15515
6332
41849
9496
17420
8979
6419
64931
24351
29234
43015
61050
22536
5004
17085
31844
59080
48965
38861
15648
27365
36744
19021
26368
9347
63300
55674
34089
31765
24279
12271
31950
37855
38936
26300
28099
9892
40322
34567
31298
23952
23446
33421
31032
25564
25935
53981
41593
33611
25382
7200
4238
28254
34541
30466
29509
67189
52323
44579
24152
19501
45506
63302
8749
12026
5556
29398
38864
19866
28177
32325
73798
42534
9085
34643
20272
57134
63367
67915
46026
40243
65893
67995
31933
12232
6117
33385
78399
36421
38532
7909
36279
57454
63119
52113
54146
57909
47787
10808
38973
31135
57056
76855
43165
36218
27689
59453
64757
38890
14247
28466
21545
18859
59593
44746
37597
32266
52152
36922
36673
31554
39586
56608
57166
39698
21629
39357
62845
76985
53299
24095
39355
56815
10448
40021
23567
19329
49315
16504
37872
27040
43116
60156
68974
44089
24758
37462
55655
39262
34795
27688
44848
65922
52906
36555
29694
50616
55106
6236
5776
33074
22323
56909
35677
56479
31212
7986
29366
66673
46880
49091
24926
18461
55771
42633
48032
40036
45744
53376
41792
22401
31528
50933
75015
7934
64612
6503
14678
50862
51293
51762
37843
54629
46402
46581
23205
9564
33572
69315
58771
47609
34854
62515
65807
57069
29896
31484
40866
84869
35923
49572
18123
64915
51529
75509
46471
39750
72188
49818
23136
36329
32969
54955
62879
76732
47214
41147
52791
66097
91615
49708
22485
65030
66335
83067
52078
40220
64776
44042
46931
41855
44262
47512
64309
66013
51927
46378
33678
64983
68252
29863
40033
37098
62492
19835
28518
40640
37802
56983
76165
49289
46296
38638
64224
77367
33581
34155
35813
46221
97643
17883
35163
23010
63623
80814
48839
49179
45702
66912
68105
49283
46793
42648
55108
61914
31715
37122
36364
60152
81449
53563
48445
19998
10812
47476
42273
25698
29082
39937
68146
52304
47115
39355
58756
60443
52224
44845
20595
48402
54061
27176
15352
26083
12504
50113
42467
47069
37444
60751
38764
29592
45344
35756
62098
40476
30037
24333
23191
43996
56408
52309
22376
29456
37062
65555
53200
19107
37443
17195
67342
75289
47476
44832
31247
54098
71160
53679
24144
40621
40618
61848
33346
43258
61535
63384
69886
25581
29898
35136
65106
67046
48653
26143
38232
32536
80372
27383
38194
30941
43442
52295
45333
24365
31535
80668
77249
35503
31598
23272
53612
73366
51755
41534
20384
60350
66812
47304
48036
36948
73507
64404
52368
40918
40803
68751
70984
29524
35675
16342
17503
52290
48849
21832
26485
45402
64278
47418
43170
41243
53925
50846
33498
47298
35760
51495
61810
48225
45018
42441
59071
61237
59328
47495
38158
52233
64864
49235
48115
42041
68198
61565
45602
50496
39527
53600
55010
47398
21296
38669
27080
54277
45979
43039
43923
58309
66405
48221
47315
21226
34830
45036
40154
41609
40151
44432
37891
26792
47570
31297
39341
61097
62365
47875
40249
54894
48925
63510
49977
41833
50049
61343
76748
49340
40092
53964
65448
56965
48134
47629
63715
60081
72850
48205
39585
44268
55142
52775
48662
39858
55486
52941
55651
51940
38565
51349
55290
75743
23038
38783
43287
49605
62276
16625
26918
31494
51821
61002
45381
38883
58790
59169
64733
47499
48092
72263
62975
67990
48665
39051
51785
60686
61790
48789
40730
51016
60050
69917
49148
40008
54842
55186
60935
50459
20451
45185
32149
26498
25938
14898
30742
11944
46041
42718
32406
52498
52454
45040
26273
27795
62734
23010
49926
38719
41030
26406
49999
55220
41109
17058
26727
41526
62319
62439
35847
36130
51825
56769
62340
42364
37494
53297
55137
74806
40327
33472
23740
44243
66583
39984
33056
57614
64351
53680
56778
40637
53113
44176
52153
39728
36523
59903
54660
74685
30539
35404
45555
52430
47717
45114
41732
57939
56658
41421
27947
37570
54697
54075
52847
44476
42120
61277
50563
54658
44699
37997
52823
49048
70752
52240
19745
72672
35845
54124
42867
35190
51136
39080
59798
36946
39258
54749
57968
52186
42941
33400
48985
58391
53219
42105
37309
50892
52355
66649
55633
38563
43558
43069
58320
45333
29731
31061
48017
43385
75225
45581
18158
32838
41062
57436
42734
39085
57690
56772
55987
24689
24542
42623
57627
58484
39388
35279
47060
58767
56170
41536
31485
44969
53024
57536
42402
37869
44787
51289
62368
41706
37097
51951
50049
63985
46037
37469
57824
57242
61348
44875
40878
49156
17568
47107
36818
34958
44331
53264
61227
43406
39789
57042
56688
23318
25906
30098
44943
57518
52976
41999
40924
53523
55284
56447
39456
34043
50795
44085
62638
37831
36527
59051
51605
56654
40729
17598
33712
45770
46285
40070
37816
53269
56804
30397
33142
35570
59016
46833
60638
51895
39610
55713
53928
59652
66432
39758
53391
54033
57406
54636
19961
35307
31217
23993
51285
11994
39868
41010
47246
56877
35732
45010
29814
46349
63916
43087
59570
46524
61986
53989
37312
46787
30234
51544
37617
21213
46064
41186
51118
47089
24888
34274
48609
52227
31298
28386
33645
40676
81995
57581
42553
35795
53964
58812
59327
38435
37540
55663
54567
44448
43081
34027
51225
47079
26387
6335
30013
9389
35369
51294
38996
40401
44773
66660
49582
45430
37765
51223
58591
30487
28335
33904
42496
77397
58849
45713
36822
61201
50454
50577
47100
35224
49231
54813
52270
38131
32653
48962
55330
26633
25929
34214
58045
25170
25513
54778
32928
47929
43294
42851
32397
30656
49942
46277
72225
51272
15509
51745
73456
61092
55969
37388
55375
45737
51618
61385
37893
53103
43120
68206
62711
37738
59150
53362
61707
59405
36282
49531
47304
54092
54417
39241
57746
51956
51564
57724
41797
55353
49823
62136
44808
26423
61787
71911
55690
58661
32177
49433
56463
55441
57044
39254
45283
51779
60466
61652
38228
39557
54849
63423
49590
37677
37115
53499
63768
41384
40150
17267
68497
42919
69526
18922
27876
39054
50883
67117
46839
40566
75847
65347
54243
53104
33900
39140
37339
46089
57251
36130
48799
55670
67667
63686
16143
38737
41820
57317
56385
37157
50424
36018
42696
54942
36126
26331
33691
50634
66181
40129
49367
46535
73842
49449
46991
57882
50368
69300
45252
31707
54185
50759
60138
54645
38819
50048
64307
65248
52529
33389
48299
41553
34850
27487
34813
19271
6009
38788
32652
25452
43739
53345
41693
31734
27104
45113
47942
63329
21438
46744
52522
56919
67784
50120
34739
52758
54789
68383
33257
22010
13590
29613
39935
71008
12519
49794
36163
61206
34053
21688
21211
27869
37530
58795
38474
26944
47665
46897
47665
55140
32223
47921
56257
30911
75050
34286
60498
43286
53033
52250
35372
18214
35108
52455
29165
19863
11404
26217
38765
48409
27296
54014
62788
53832
47013
35417
49741
56559
58788
54048
29994
47707
54882
37666
34063
21929
49289
48126
53379
47999
51646
63968
41351
19474
45442
27166
31503
41007
27442
32968
25296
41297
49125
49257
59952
37779
61386
39739
73450
42637
4969
43052
20899
31580
36531
25820
45052
36264
43778
55378
31156
53122
41365
39288
85045
9069
55324
28434
63960
51986
32648
48249
66401
67036
49204
32274
43928
54104
61377
54717
34081
56359
56727
60186
55333
55957
56666
58465
53093
55912
60926
67751
14527
3788
59184
51988
46407
59339
50182
79372
51490
22845
39832
43023
63726
65551
43645
41033
13589
42619
43785
33200
29112
50216
51949
50836
33164
50106
59972
67356
49648
39397
63768
59713
66493
69135
17097
31801
42200
51407
68467
18181
10209
43079
81109
48163
29619
57223
54236
56847
44623
35052
48024
56393
56523
48387
34378
26258
41853
12251
46052
27326
55980
51415
66250
52283
38734
47094
12934
43356
41553
30021
51203
56970
58512
20467
24280
42449
44165
79585
58868
34294
51717
52613
61245
52475
31426
50796
62219
60910
43163
49867
56240
57954
60687
41458
54280
64342
52731
63828
52946
21437
33132
54524
53135
54172
24401
36775
61453
62256
50908
65737
47659
53165
81275
49903
45533
50948
53888
70405
73993
48208
25249
33712
43205
67971
44493
54484
52546
59469
68038
42337
56355
52957
55848
57479
46562
48818
67895
62449
71163
46035
63995
50799
63515
67660
45114
40193
61709
88318
69589
55934
32727
45885
60729
76480
45832
40517
46184
45820
50515
48058
43300
50396
63981
59539
46572
29228
51375
55139
66233
48461
28209
47432
61254
68192
45599
31448
54129
61119
61543
42802
37248
63208
71134
71110
50487
48118
53283
64111
68372
41968
42292
50027
58399
73599
40825
41943
46867
55251
52745
31296
47056
53125
64950
68874
47692
53303
55095
62185
66441
20891
58369
44115
47961
63982
42071
48194
55025
55434
63326
41524
40617
45827
57724
72185
38580
43729
49954
56552
68401
40729
39850
50935
59830
62216
40235
35071
45255
55786
70266
46444
38956
52678
63858
68353
21606
41169
32889
45301
62294
46159
39047
72807
35558
74321
24821
28994
53556
47932
66504
47769
27178
42882
33784
41007
47752
37761
48505
42523
36418
22814
41937
41999
46611
65253
49318
43609
44607
51481
64666
70597
45919
47615
46990
65479
36839
39253
75944
60153
68538
60384
38039
50620
70571
56191
41607
16180
5823
32008
30902
26265
22074
44547
44980
59247
52144
30203
37781
47373
51198
54811
19971
63695
28682
33562
28109
38018
27944
29523
26102
45799
26188
61456
47915
43893
45217
41616
35614
48042
52583
64938
37361
42938
40751
55155
43506
38191
25984
38677
36253
37687
28371
36183
41495
53510
40792
37139
46051
21839
51399
34346
25125
37195
19055
59647
28247
39093
69982
54793
35049
41619
33139
36897
33915
47258
29700
33492
34768
29505
49408
58853
32811
47378
41843
54501
61834
48184
52336
27776
36771
50880
39914
36382
43612
42803
26815
32622
32723
37260
42369
61941
50839
50175
45134
31240
51751
55062
30652
50275
43442
61389
46917
41843
42585
46400
53020
63210
43831
57361
52582
67155
71327
42865
46763
59465
64091
72914
49204
47296
61033
61541
83539
46573
41830
66497
77670
69370
51772
41011
66202
62213
75463
48069
48031
67974
40717
77125
31607
76893
53966
35199
73292
31770
53015
44684
67636
68610
56100
37574
58812
60751
74245
39642
42544
61536
55271
68820
45732
53779
48864
48448
48167
58919
54287
46455
72529
64644
47686
49770
63930
67083
72594
47883
52595
60409
63403
70554
62485
56917
30031
75681
42277
51475
52905
51625
73767
59432
58394
45592
24757
51628
67461
57991
54274
52439
62680
33607
74395
19218
52764
40227
53618
67696
40630
51562
56511
65238
70766
44140
49218
51526
67356
75471
44436
30028
62362
46399
60431
44634
51920
51027
63510
78967
44453
45961
51300
56983
67954
49118
47708
54829
75774
86307
47687
41572
55778
16458
75943
34850
41425
49607
63553
65513
47307
66224
54396
57077
67818
43695
46604
54150
57388
74827
51196
60203
55056
71805
80323
52669
36177
50101
72264
80262
46101
46780
66992
72617
70177
36853
46169
43606
58074
62653
49955
19938
51808
8491
39558
35727
28955
52308
61416
67466
43075
46494
48553
60067
67492
51753
23578
56029
33770
48997
48453
45059
42897
57622
57957
64497
46243
50792
61827
70389
61994
47050
44514
60116
65555
72519
43171
63424
54764
68694
83285
43225
38952
63281
58982
80055
53713
47815
58905
68115
81566
48991
65055
59295
61871
79071
51863
45384
42884
36310
68493
45670
48969
83099
71399
74174
42702
39699
55682
72228
84665
53869
41415
56773
59803
70814
44721
40759
55236
58679
75190
50438
44376
59657
45958
77508
39709
42271
56611
43038
52396
36972
7433
47663
32568
60630
43203
46221
72290
54246
72627
50604
51551
37657
61208
73592
47574
51795
52507
57007
76439
44136
27554
57323
44701
50917
43253
36505
39643
28422
44248
32432
29040
48681
53497
69188
51643
53484
47739
54688
74691
48831
43802
70503
57017
54938
47910
33068
47148
59353
73996
49804
47932
42324
63777
73418
53918
54345
27647
59412
64018
49493
54079
50967
64669
68673
47268
51844
46326
65098
78170
49920
53519
40283
67605
67725
29050
53486
71699
45254
60487
51938
40155
40689
45325
75555
27152
38349
58096
58104
64052
48658
47324
10035
31470
47950
31105
28000
34330
49648
32211
30060
54092
53806
40365
43339
34521
30380
52911
51081
75030
10740
44405
61450
65096
45674
50201
50440
59230
61020
58008
49516
49379
60961
62165
62571
37134
19581
52128
51818
63987
50388
50408
68015
37783
34198
42552
24689
25886
43774
21170
41133
29174
3909
47070
46942
36800
56136
58018
59419
51427
28124
46101
46328
62538
61995
44635
40120
39042
47760
32046
48140
27869
43939
44050
51666
39708
35210
35662
78575
64703
20982
30941
58028
38524
47647
52712
35056
52810
61278
17408
17540
50607
53878
57249
47440
32962
29863
43310
31131
60471
33722
42267
39333
15702
51754
5515
26837
4943
30048
55974
27811
42424
32313
52717
33331
42874
29382
26643
12371
52600
28739
34465
67096
60178
72600
78206
76247
76830
77037
77137
63787
77714
77236
77140
