0
0
22868
27530
23132
23679
19605
21918
20368
19406
23696
23610
21514
23705
19551
20383
19163
18756
22372
21647
23642
22088
19182
19404
21986
19439
19512
22743
23656
19918
20417
22774
29394
54354
93455
27575
26339
29186
23487
28210
25451
21254
21244
25001
19155
23605
24916
27871
26729
22353
22593
20248
20419
25013
28234
23011
21817
25462
29715
27567
29824
22647
28086
21388
23626
25000
25254
23388
60791
92934
38909
41459
36765
27372
48552
41559
28660
17451
16931
51533
51769
27126
17438
18213
17807
16859
63377
53520
32300
66377
59158
32453
24706
74329
53830
32082
74976
57983
38737
20804
21046
20050
18186
68232
95762
67181
33573
19197
72781
60488
79344
63913
36852
16385
19343
18297
19759
19375
20270
17964
16743
20299
20999
19935
16761
19386
17757
20062
86105
58250
59792
86430
63162
88083
64919
37555
19640
20226
72850
84246
20014
21047
17086
80198
60229
41744
87212
61509
39173
19459
21341
15172
19225
19301
21355
20488
18290
87105
63344
83102
65580
87601
66188
40356
27500
18861
87198
63710
60876
66029
33143
22607
23805
79985
96720
67546
81010
67307
86106
65668
41974
21062
23570
87046
65097
38443
21359
25334
84661
66465
38558
22384
17791
22341
82986
67813
42075
19472
19560
20988
18764
84279
67205
68166
39225
24603
20985
87467
93314
68336
18994
23674
89905
69855
39023
22264
27534
19008
23769
23537
87257
72426
92703
72525
40583
89628
71018
88816
71878
34605
21922
25723
22577
20032
20311
20477
22524
26195
91096
73093
70528
36270
18619
87326
68338
21101
89264
72419
73658
36705
25796
89629
72644
89485
75300
41877
24104
29959
25031
25139
21728
86174
68547
70386
86514
72518
86644
74525
36764
19303
23454
21980
89258
75122
46086
23666
24428
23627
92139
61927
26822
93404
69624
39471
23326
25589
25952
25239
25843
21444
26764
21379
88671
70894
40097
89792
72690
38561
28497
24252
23197
27964
24177
21700
88441
69162
37867
89750
72134
68547
38228
90132
69682
97964
50304
82300
70297
67808
88964
69424
33013
85551
69785
86587
71484
35250
18838
18449
17208
19851
19094
17513
17634
15896
16462
89222
69896
84734
76159
33299
19131
22523
19497
19689
19126
17786
89338
68461
99183
89813
68397
65319
63947
68954
35437
86283
69470
35754
18895
17620
17841
18572
18348
87083
70409
68630
37305
17119
18700
84052
65464
38331
17076
15982
16861
15805
18061
19511
16865
18580
18676
17156
88574
99001
43683
84878
57250
44893
13844
75218
55775
41730
12285
84189
57736
34198
77453
57948
51253
37605
14326
12830
85023
59331
41457
78516
59222
29571
12030
81567
60953
38279
12917
13045
17706
14470
12780
45327
96549
26351
18562
17288
16301
82260
61764
58353
40219
18145
18402
16867
17504
79839
61852
57210
57384
58402
84199
56826
82244
58716
37933
15556
15920
86801
57507
61606
36915
16768
83123
58963
53246
61691
70166
92432
88863
63270
82458
62140
33296
20004
80150
58722
39169
16149
78856
61807
38730
24225
80332
62183
61850
62008
35762
16570
84519
67226
62753
37937
20001
83396
63289
32715
17288
19745
85717
62760
61672
72139
88611
21379
18919
87448
62613
61820
37798
19450
20570
17980
17867
82948
66365
64359
67229
38041
86061
70445
67686
64186
33129
88851
69031
87371
66617
37965
88643
71008
89938
68935
67340
87052
67543
67718
95287
94940
87772
67593
36080
89564
66872
30958
20577
18062
17474
88501
64470
85205
64634
85555
66532
86568
66628
87212
66640
36535
17886
87564
64121
38932
17418
85566
65747
39873
17728
22378
20025
16373
74859
74809
83386
23019
78829
74849
80597
79157
77688
87698
73196
37175
16442
22685
22168
18729
83926
75787
44863
22331
19430
24335
91840
74048
73452
74684
75853
38311
22156
23505
20382
88753
73935
37127
24719
77886
78828
74901
72515
72668
77809
33804
24566
85960
72887
88835
75949
74602
71865
71361
73770
42421
21855
25126
87959
73894
44470
84934
75464
89408
77309
78376
82903
78068
87202
80029
40198
76295
76038
37961
95258
95504
41536
77899
70607
76888
78521
36047
37046
15938
16575
71875
67767
70459
81258
77507
33498
18522
70063
66438
33195
77460
36003
81121
39320
39765
19256
19605
21690
72306
71185
38118
83014
41060
81890
96181
67742
27392
18944
75592
73618
79382
75662
20936
70727
40263
75742
71089
19545
76002
71044
78575
78772
31630
19629
21791
20494
76302
72434
33662
17572
74483
44051
77604
28987
20813
70826
37772
18687
72813
96422
93114
31566
16642
70428
69972
83007
29677
82516
38621
82979
32261
15344
15410
24508
71413
70995
82249
26713
20343
73955
37300
79810
34725
85161
31642
84445
72226
86696
85088
34773
87643
33216
18351
20539
98754
51616
18992
82383
35982
20986
79947
76494
80106
25959
23763
25303
74880
36026
75486
82277
38555
19471
25174
22239
21225
20468
21686
73526
73008
76608
72198
33957
76534
29417
73144
32083
22874
20222
22984
98389
43579
22758
77118
69408
87855
86218
86126
33727
18473
15920
66830
39587
25403
22311
70430
71055
80799
26044
81902
72547
86228
27949
84204
72776
33851
23395
20390
74155
69838
84710
80491
35954
19701
32344
99035
78299
84960
82966
82958
83824
30897
84197
77291
79696
77380
80279
83024
32507
83043
32499
17312
20313
20606
15976
72427
35750
18566
15350
74002
69072
35178
15017
72499
36268
73221
25042
17488
22204
83267
96698
32308
81103
79227
85816
41441
25602
78788
75001
84087
30601
25953
74401
74464
85063
32729
85935
76907
86937
85656
30478
29796
75777
71472
84020
30876
17354
18102
70962
73230
38724
83346
33961
16776
51175
93221
78809
75317
74001
31688
74511
68803
73676
70864
23343
73780
31734
67274
25986
74870
33660
69766
68232
74517
29141
73719
27818
13330
17108
62657
63059
70711
26602
75602
35466
15580
64411
67126
71785
85680
97801
37664
16909
74412
73966
69385
22758
70458
27085
69593
26918
76656
26604
79386
65657
78985
74698
75350
74608
25050
70260
32783
73296
23803
71153
66959
35527
67513
24533
76635
65552
32609
14988
17616
65345
96250
79827
74723
78700
80118
28658
12655
67564
58993
33004
65846
66935
69932
34374
71617
62913
66173
71806
74915
71822
31911
71524
63716
34266
16848
15761
18379
15756
17852
13906
17000
64852
34067
62993
77589
95943
32249
70559
70141
77924
69488
75242
27043
71391
68689
35416
13411
16077
70728
37432
66722
21831
16163
75101
68318
71470
76290
73709
29510
14103
64364
65984
64355
66105
73402
31006
70976
71871
34810
90354
80137
68187
71766
27339
70856
65461
37241
63166
72434
70574
67015
25855
18294
67141
68538
63196
71848
25560
74987
66362
72939
70139
79138
80694
27888
70803
30826
17563
69068
74608
60734
73100
76726
78573
94025
75457
23051
82590
34830
23140
28717
26024
25968
77289
43050
84933
73973
84673
38208
18516
74391
74418
83083
85326
84340
84460
86090
85941
86101
37655
23834
23168
77992
78072
37504
82043
32034
80950
79164
96388
92216
82870
81783
35484
20448
80063
83684
83845
83960
37060
83207
81266
83328
83812
32914
25403
80665
34498
26685
77614
80249
84000
29699
83037
38980
82023
79833
32516
84426
32814
85232
30655
84823
75464
97326
90126
32052
78886
34927
17610
65118
69958
33529
73198
31336
79246
72438
77947
74709
73568
75059
31378
74673
73419
33068
75522
71601
76897
75541
26059
76297
72744
77843
36228
16160
20389
72100
75561
74748
96859
90254
40072
21413
77977
75441
81273
84399
30112
18017
78034
76606
81808
86664
34448
83546
75265
41365
84634
76096
34113
18003
74356
34379
24020
78252
78178
84993
84302
32995
83478
79456
33074
19191
77082
99043
83131
79620
79841
78357
78741
79849
30442
76503
76113
37657
81580
72668
37453
78754
72342
78996
80151
79662
36226
80352
29400
80125
73513
80674
81272
80490
79614
81945
81135
81189
81985
82891
27664
85011
99083
88944
86603
86620
85994
33761
85622
79269
83615
85310
86737
86689
87827
87048
86724
87127
27314
84935
82193
83920
85162
32009
84768
79943
85942
83722
84497
84365
84509
84361
84641
84903
31656
84712
86784
98743
87888
35808
80520
77022
85896
83167
84224
83778
83005
82523
82461
83890
84784
85379
85504
86710
32506
85798
80012
85161
85136
87737
87486
30594
21957
81456
83332
34945
85479
84499
87410
86453
87247
90917
98395
85613
84249
84756
26323
81991
28038
80960
32047
76133
26725
80087
79528
85480
84338
84166
28745
84009
82097
82340
83813
27900
83549
25695
74416
80051
84160
81832
25735
86263
81444
81821
81830
29930
90196
91699
84668
85016
84843
86287
28880
86770
79309
84230
29110
84456
80408
37512
82812
78897
84200
85570
86268
36672
84370
79397
84029
84986
85802
26565
83623
79621
83114
25490
84879
78823
33880
82808
79309
73007
96953
80573
84617
32643
84942
74483
84471
84454
83352
82684
32558
84415
77546
85024
83739
84466
79164
81785
82047
80083
82887
83661
84170
32325
82954
38693
24564
73406
76942
36478
83223
77942
83841
83138
93560
95077
27245
74613
69048
80747
78554
79010
80367
78763
78027
79113
79129
79570
79632
80235
79217
80057
79295
80109
77651
78484
80486
80418
80481
80051
79394
80065
79267
75668
25515
72979
66566
78965
77048
93821
95400
77864
78805
78764
78563
26589
74375
61638
78625
75789
74859
28614
73275
59802
77839
75356
77392
78170
79315
80063
79853
77083
78704
79080
79105
79743
80675
80405
80526
80647
79493
79381
78526
77492
95018
93868
81793
82105
78078
77367
76955
75781
75692
76526
75601
75177
77328
77622
78333
77796
77189
77576
78515
77434
28521
78010
61418
76169
78587
28332
76255
58179
75117
80549
79191
79216
80668
79747
81703
96557
91301
73782
78043
80755
80839
80408
81558
81840
80573
79459
80473
80524
82410
81390
79892
81365
80565
81650
81757
81527
22429
75319
64930
30524
70225
30304
71785
29412
75660
61495
75738
76419
78124
29231
96942
61685
79841
38947
85962
86977
87347
33122
85246
83007
87019
37198
88168
83941
88772
88286
89179
87758
89178
88699
88587
88862
89352
89518
89327
88923
88941
88912
31757
85850
83325
88159
88987
88762
88486
98441
92446
87136
28639
85543
85187
87172
85680
85922
86770
29577
86154
84163
85439
86223
87480
86453
85892
88460
88494
24784
87129
86459
87038
87130
87308
87649
87770
88452
89846
88800
88283
88892
87696
87903
99063
91183
35508
84814
80655
87129
85510
84910
29079
82299
79529
83427
84597
84794
84296
83903
84334
84147
84295
84853
84546
85188
86456
87186
86918
87838
88103
87951
88500
88008
87737
33258
86138
80682
85035
99093
82472
78736
26876
76851
79076
74811
76108
77191
78309
78732
79038
28550
78545
79183
76774
80049
79781
79313
79873
78908
79274
80682
81250
81528
81325
80844
80054
80401
79720
80538
80528
80246
80525
85016
98783
83426
78927
80499
79383
79460
79734
79544
79238
78986
25518
77359
67269
76592
79970
80128
82793
81611
82288
83094
82994
27748
82074
69189
81084
82772
81953
82624
82216
82563
82788
83313
82615
84065
88200
98270
88445
87159
89419
89436
89414
89247
89043
28965
87865
77500
89979
88471
90364
89831
89930
35741
87740
79191
89505
86837
88090
86842
87555
86789
88009
88091
88575
88110
88078
87602
87422
87320
37327
91605
97323
34405
83553
25879
76804
70403
80396
84903
87486
28150
83706
73292
80179
80066
82564
85947
86468
88692
89070
88331
27380
86659
32109
77392
69542
80852
85940
22475
81477
72571
81282
87749
25066
84952
88173
96414
82050
82174
81718
82721
82740
82347
82940
83071
82863
84069
28860
82507
77046
83639
85680
84039
24875
18263
77661
31772
80683
76293
83062
84154
83808
84521
86804
84816
85795
86487
86763
27561
83130
90481
95957
83769
83507
85049
82811
84888
83733
83370
82951
83589
84257
82946
83813
83424
82250
81794
81392
28684
82499
75525
79204
25046
19359
73152
80378
79513
83150
31801
83930
76264
82215
83997
85887
85844
81744
96467
89442
89884
88801
88588
90728
91810
91316
91496
90729
90235
89538
91248
91814
89653
89807
90893
90051
89694
89721
89673
88747
89285
89668
89460
89565
32873
88047
76445
86562
87207
89636
90600
26768
96174
93981
81250
88284
88154
87149
87596
87534
87648
87992
87291
87573
87536
87787
87654
87927
88032
88678
87751
88064
88066
88782
88203
88172
88202
87538
30638
86941
76912
84354
35008
87202
77175
83638
86708
96913
95643
86734
86295
32641
87579
77526
40017
85555
75419
84557
84189
88653
87821
88437
88376
26372
84728
76678
82666
86566
88072
86602
26232
86607
77066
88912
28052
89503
76693
87470
87339
86870
87692
89481
97836
90747
82315
81154
85016
85498
83001
83927
84321
84845
84586
85400
85375
84804
85132
85304
83424
83529
24628
82155
23616
76333
21927
14103
67347
71588
74523
84474
81431
30336
81291
72215
79718
80486
81347
96926
91278
82494
82875
81758
82161
80577
83474
81777
84696
31601
82481
25475
69297
64365
76985
27663
83333
70289
77816
26723
81567
25969
70448
60411
78485
75674
80629
82883
27089
82134
76938
80427
77953
85566
98750
88473
73048
80008
74663
78251
78322
78391
23952
73116
71013
31135
67772
20014
65413
66107
73426
69206
76058
74206
76930
77575
81606
80155
76627
77396
80960
79390
79702
77604
25731
77019
66330
76641
77418
99084
37068
80583
70175
79574
28220
74414
64123
79034
76641
26221
72406
63570
77583
76049
70879
72525
77155
73638
74246
74302
30165
14918
68465
72677
32206
77976
63426
79174
25795
74817
65378
75709
78133
82594
97637
84681
24099
81009
75044
73424
77423
79972
81020
77619
80358
80223
78585
78873
82156
78678
78759
79532
80860
79436
79900
82476
85151
85286
82949
82360
83998
81923
24807
79657
72937
73656
73857
76224
89508
98321
85906
83943
29776
83176
74561
83789
85791
85590
34298
21242
74067
78293
81461
31813
86116
80805
86290
85897
86913
84660
85202
87088
86779
86887
86597
86447
86218
28940
85161
78118
83023
85795
27119
56239
98152
88156
80553
86040
86633
85702
86011
86336
86265
86986
87862
87633
87332
87525
27185
88626
31693
78998
77738
87593
85162
86943
87221
86450
29876
20720
82005
86009
79620
87185
89360
87867
27006
88106
92231
96704
82308
81837
82549
83831
83396
82828
83981
84107
84380
85607
86420
86779
87934
86101
85095
85056
85101
85243
84322
84455
85293
85608
25527
84108
75351
75233
84276
25975
86073
71230
78612
82407
88401
95020
96358
86070
84989
88167
89069
86866
88849
88725
89594
26576
86191
81328
81327
81802
89478
88595
85909
88727
83712
88363
88598
83792
85775
86579
85394
85020
85520
87517
87691
86989
86507
86808
86241
86199
93986
96384
84471
84265
85155
33137
84886
78850
82314
85544
85505
31359
86755
80476
81272
84724
84617
84971
84254
86618
87867
86134
82818
85278
84131
86568
85684
87353
84668
87023
87350
86811
87080
87159
87486
95863
95187
85716
85852
85609
85351
85707
84775
85411
87644
87331
88356
88328
88234
88351
88125
88303
87710
26030
85745
73166
84005
87936
84138
87154
86921
89210
89582
88837
30261
86922
76112
85343
85036
88647
96949
94489
86673
86994
85263
85189
85812
85747
85174
85107
85076
85017
85161
85504
85518
85526
85700
86015
85535
86151
86631
86809
87289
88051
86220
86284
85905
86106
86002
77815
66877
85774
85410
83111
87649
97219
90849
72306
68877
81607
80361
74941
78244
77878
80136
67669
68217
80264
81274
75483
77071
80413
81317
71565
29671
60882
80954
73732
73392
75400
78127
76268
77102
80546
81496
82384
81432
80037
80890
72240
97710
87717
78439
79540
80473
79939
79781
78672
77339
59214
22006
18254
73425
62814
64979
70206
71035
73522
72702
70909
77340
76544
74927
77197
79735
67479
66465
75086
79816
67098
73308
72452
77339
59947
71186
97909
89056
72295
75027
74607
77124
74996
78971
75707
78168
74195
79307
74764
77999
65479
65241
76045
77252
65091
72661
72478
75597
71759
72471
75081
74962
75322
55826
59497
73278
71759
74293
65408
63857
74731
99180
83792
69966
55267
19826
61790
70663
67095
66353
62176
59086
67780
79568
67412
67377
72345
76108
76786
78556
73774
73124
77994
61437
59549
73792
71231
74030
58802
58471
72078
71917
68573
69854
72625
76313
98861
82952
82802
63382
65539
80980
81637
81955
84080
81708
69975
72040
80958
82582
82537
87773
83239
82485
85355
84420
83091
84953
83762
84476
82841
83611
83222
84863
83990
83996
84934
83879
85133
84052
87582
98502
84415
81897
82491
81985
82747
83455
84356
84848
75491
62988
82723
83690
77266
64225
59643
77549
79664
74836
78645
81557
79942
85678
85159
85287
84585
84837
85594
85014
83721
84448
84119
85460
85187
90698
96122
64860
77588
83028
78586
81655
83290
80583
83480
85087
82806
85268
83121
81684
83392
82960
83116
81761
67348
65538
80436
81833
82030
79814
82519
84312
75495
69069
84459
88782
83653
83628
85609
85312
91392
95232
66587
75401
82376
83705
88003
86470
87167
88338
86230
87983
88330
89185
88084
88744
88938
88623
88432
82767
66446
86114
89237
85080
86022
86473
84224
86759
87177
87022
88171
87138
87726
87859
88076
94400
96357
84077
83671
75099
70250
72251
85565
79378
83374
81357
81266
72884
64023
85087
85925
79247
83433
83623
80666
86212
86586
85193
85644
84286
80530
85704
88280
87319
88399
89169
85720
86401
88131
88647
95344
94604
71966
70650
73324
81274
83585
80061
79328
66232
60871
66837
80261
78464
84338
78923
78156
73649
74175
83152
83744
86446
83565
75495
51389
62330
82538
85726
81257
76070
67391
67058
85649
85739
84206
96375
93756
79281
84531
87011
83216
85645
85798
86210
85209
86337
84882
85123
83881
84763
85497
87020
86922
87101
87464
87351
86026
86444
86869
86530
87624
87732
86038
86786
86414
80203
57599
84476
85639
75867
95704
92858
72473
77014
83378
86740
86287
85926
77897
78033
83578
86381
88420
87296
80269
80656
85130
87097
87447
87970
82878
78555
59279
69944
85960
83636
80644
71506
25899
57930
63606
81873
80946
86723
86806
97000
90372
71230
80595
85623
82205
82877
81976
80902
81327
81286
82244
82124
82649
81761
72110
66397
81121
74864
67194
83584
72155
30700
66263
85055
75265
78073
81968
74633
80753
88393
77152
80581
86452
83272
97813
91057
85705
66412
64536
85280
86997
82565
82052
81248
76127
83832
86741
84521
84534
84453
72878
68690
83996
84620
83289
85933
75888
80138
83357
87993
86245
88458
83500
82974
85266
86180
84138
84205
74528
98717
86704
76611
55749
62897
82630
79115
66237
64171
60328
86573
75165
73105
81617
65359
81814
67616
33261
49020
84924
71502
67539
54446
50918
84259
70621
80260
53653
46989
75085
75177
62332
55854
80114
70360
99190
75106
75817
70885
79106
78985
79180
75177
82610
73906
76647
76241
78673
81211
58359
69235
72552
76633
79641
79577
84604
68816
76726
78919
69938
78121
80420
73485
28132
51164
83506
65209
70373
60831
99016
76040
68680
70849
70739
70544
71846
70216
58675
63457
71345
68715
70967
37465
47516
74301
70745
64950
62243
66741
66619
70290
71057
62040
67635
62030
55988
64013
56483
70696
49290
62405
59257
73658
48307
96626
66199
79511
50091
43042
61623
64397
51631
34158
63067
67930
49472
46579
25054
80673
64998
82545
66634
64709
56361
33766
69095
65131
50378
32901
67088
69961
84833
15523
73264
63436
57513
42048
67074
67969
79067
80151
79629
79695
79775
65730
79153
78982
79040
