0.88848427429
0.968628737905
0.96812598457
0.99337950205
0.99994041704
0.9999325649
0.9999189767150001
0.99989601761
1.0
1.0
0.99987305078
0.99971761176
0.99998225774
0.99997987799
0.9999931200000001
0.9999732480250001
0.999995520895
0.9999053797799999
0.999934135095
0.999780726255
1.0
0.99987143771
0.99997299241
0.9996267894699999
0.999807420705
0.999900961925
0.999753135315
0.99731943336
0.99913688853
0.999541765825
0.99961168
0.9999754799999999
0.99874730108
0.74412985693
0.13680747701
0.990106326635
0.9997749994999999
0.99982975551
0.99985959592
0.999880303455
0.999905601765
0.9998598020599999
0.999790312595
0.9998399038
0.9999434460700001
0.9998251425150001
0.99998912765
0.999927585175
0.9997706495600001
0.9998216578349999
0.999875084915
0.999963985595
0.9999149940000001
0.9998595047900001
0.99994542176
0.999798520885
0.99991527015
0.99972045295
0.99989776
0.999438384645
0.999979637965
0.99985236858
0.99984850485
0.999984516905
0.9999593375900001
0.99992460922
0.9998256297499999
0.99992057502
0.658792874185
0.23786375100000004
0.965013189105
0.99969637833
0.993917425305
0.9871134379050001
0.99994723779
0.96581970197
0.9857725654849999
0.999860281915
0.99987665568
0.99993548258
0.9676611581800001
0.96852611529
0.999900179965
0.99994786427
0.9999179548850001
0.99996661342
0.999911613935
0.97104394637
0.96469935201
0.999859071305
0.99552044066
0.934196660335
0.9999149940000001
0.9998808195900001
0.99744573256
0.984448003195
0.99995182073
0.973454871075
0.92679264
0.99993151891
0.99984117471
0.999926747085
0.999985679905
0.5788441773149999
0.31621269765000004
0.8941502504500001
0.926699263855
0.9998294261149999
0.99989533907
0.966784
0.9349237316250001
0.973681663665
0.920602415895
0.9999124538849999
0.99991972748
0.999889077985
0.9998721834500001
0.99989435096
0.99985232372
0.9999019894050001
0.9999920288399999
0.99991431143
0.9999108493850001
0.9999175468500001
0.999901749475
0.999919183835
1.0
0.99987938535
0.99993943648
0.961743931385
0.99995295769
0.9206726563300001
0.96832911291
0.9310845517099999
0.97967808781
0.92846139964
0.9998825434899999
0.99991431143
0.49400002
0.42685926885000003
0.99959233223
0.9999637473749999
0.999970608
0.9999144491099999
0.948962672535
0.9240769092550001
0.9998652117350001
0.931497092615
0.9191065106499999
0.999780726255
0.99998300431
0.9998072607249999
0.9997415028450001
0.9933477459450001
0.99981918192
0.99991012494
0.999841243275
0.9999786597
0.962992825025
0.92083662169
0.85756668331
0.92965885657
0.857141879315
0.925854353245
0.999896269555
0.9999470053
0.999991122665
0.890016651655
0.85857189686
0.8618109978
0.953165877535
0.999979637965
0.99998848115
0.40873081741
0.48084858199499997
0.8698372667350001
0.9256500952550001
0.93463143826
0.9236511226949999
0.89249950229
0.92486817454
1.0
0.9999275599999999
0.9999344707150001
0.955279174185
0.9256661291949999
0.99990546624
0.99974375311
0.9999480634150001
0.9546245754249999
0.923068152425
0.999908542715
0.999969292365
0.9999002297449999
0.99983524705
0.9324947526249999
0.92447207818
0.999997317315
0.9998918153699999
0.9999106071249999
0.999878908765
0.99988647459
0.9742910289700001
0.931570373335
0.92848282626
0.99973765506
0.999926272625
0.99990136713
0.26987668705499995
0.5706505414
0.999923032435
0.99992530506
0.9998412952250001
0.9477374935149999
0.922596532025
0.9999153999999999
0.9999178553550001
0.999775524895
0.999993489115
0.999892834265
0.9999043617450001
0.9566643952299999
0.932076843155
0.905326502895
0.91711592229
0.999878156555
0.9616594459450001
0.915429760835
0.968335205355
0.9038602042849999
0.9999220389800001
0.999948323825
0.9996753374
0.999914071405
0.99992953886
0.9997996000799999
0.99984144829
0.9998792483000001
0.9998434017
0.9830344565550001
0.999919042395
0.916785955785
0.23879382117
0.23879382117
0.64648711129
0.999797592445
0.99993812743
0.86229019765
0.8858387916349999
0.926868039175
0.9999157117199999
0.9999016038499999
0.880615532235
0.9242059223700001
0.82985421231
0.92590725045
0.99990582602
1.0
0.9999848717700001
0.99990317731
0.999910768925
0.99994784349
0.907659807845
0.82803887895
0.9166778824949999
0.851779585295
0.932844732385
0.745973127755
0.926794721585
0.99704130413
0.9998070207
0.9998169966
0.999925501205
0.91861735306
0.9173071835350001
0.99996689379
0.999981801855
0.15676801598499995
0.15676801598499995
0.7229168968949999
0.9998833715700001
0.9998833715700001
0.857009852515
0.9271753274
0.9999231676849999
0.999972165565
0.99991564
0.9999514
0.999805454
0.9997437587400001
1.0
0.9999145514550001
0.9999145514550001
0.8934888089549999
0.999794356615
0.999794356615
0.9140929027100001
0.99992092046
0.99992092046
0.999779310345
0.9998807143549999
0.99985710848
0.9996714827400001
0.99944160351
0.9995116591500001
0.8900307169949999
0.94011076985
0.884466386725
0.9038047571450001
0.9038047571450001
0.9241571970450001
0.8906641251999999
0.05304340775000004
0.817948966755
0.817948966755
0.930581450375
0.930581450375
0.966227060115
0.9176605921900001
0.9509056897599999
0.92378558144
0.9995641123
0.9777736151449999
0.906535943275
0.971014128475
0.92063572
0.99977309265
0.999574445005
0.9998102221799999
0.999714022065
0.9995733732550001
0.9999016038499999
0.999796725895
0.999615209125
0.99974126542
0.9996460272850001
0.97693306749
0.927566277095
0.9710954253599999
0.914928574275
0.999756692755
0.999419650875
0.999700050025
0.999779310345
0.99978247092
0.999707486525
0.94621002704
0.004285950215000048
0.9316691634100001
0.9316691634100001
0.9995637584949999
0.999792661065
0.999792661065
0.9997968228599999
0.934676716985
0.9997935471
0.971129190435
0.92191929579
0.999870385925
0.999870385925
0.999594317725
0.9995039935950001
0.9999500700699999
0.9998448963300001
0.9644330571899999
0.975696507425
0.917189236595
0.9997776487100001
0.9997173210150001
0.99976206965
0.90951770354
0.9212149025899999
0.9996533999999999
0.9997182789250001
0.999687735755
0.9997019733549999
0.9996780409799999
0.99976767616
0.99976236871
0.9996853519700001
0.99989597511
0.90956691383
0.02328501999999993
0.909413101935
0.99979798659
0.99979798659
0.95863732799
0.999830704845
0.999786166285
0.999786166285
0.98808967729
0.99126606127
0.99971311561
0.99253604953
0.9974804004000001
0.9998972784350001
0.9843265036100001
0.9993306530649999
0.9993306530649999
0.94097320947
0.99978279316
0.9997945967599999
0.97086823506
0.9989102814949999
0.9998053937499999
0.9665743867050001
0.9499794285700001
0.9499794285700001
0.999582761725
0.990011116665
0.9321692846399999
0.9321692846399999
0.999833536645
0.9996902722200001
0.999746394015
0.99975874098
0.83296499451
0.08978980534000001
0.989443558745
0.989443558745
0.9996460032100001
0.9997431398000001
0.9996945764049999
0.97086595591
0.999190253645
0.926961311605
0.926961311605
0.99983746744
0.99983746744
0.9998076238099999
0.99993482786
0.973463166335
0.9995051988399999
0.99934343616
0.999799120175
0.97169557133
0.959235821495
0.9582926888000001
0.980569687315
0.94534158406
0.94534158406
0.99980331292
0.99977547302
0.96134746728
0.999219590205
0.928972078635
0.999586328555
0.99969702911
0.97781726518
0.9995817836049999
0.999682334135
0.707814123535
0.18151701498499997
0.999698566715
0.814250909815
0.938618953265
0.89712337499
0.937713122805
0.999728798005
0.99976984111
0.9557948912399999
0.9182365388500001
0.99977856
0.999913996595
0.98479772023
0.91227384
0.99983792
0.99989155042
0.9642815275150001
0.9994457165749999
0.971438391515
0.93221417701
0.999844737895
0.999718552485
0.96260054146
0.9993694300499999
0.93180654093
0.99986897518
0.99987297649
0.962902179565
0.9359370233200001
0.99979196803
0.9999116534950001
0.99989392575
0.975464722915
0.99960937282
0.5926772297499999
0.21434645619000003
0.996701976175
1.0
1.0
0.9543302625300001
0.9709579052949999
0.9244599043449999
0.99979039021
0.999754539085
0.99966726763
0.999530579175
0.999845413715
0.925371651495
0.991456951255
0.9995493131600001
0.9317636819399999
0.9998591583149999
0.953066533945
0.8989728840750001
0.983133160415
0.95490572
0.9998422382650001
0.95519379317
0.9184941246999999
0.976753451205
0.9420567134250001
0.9996217855349999
0.909795554665
0.914091947585
0.9965694075350001
0.914440615015
0.9345661335450001
0.99125857657
0.95216146862
0.580470202195
0.175389833965
0.9278527690149999
0.9508401720499999
0.9354203624
0.9996358143249999
0.933036071465
0.91380161919
0.999785795855
0.9998932318799999
0.99979569785
0.9996517172499999
0.90913085287
0.926309682585
0.9359374674950001
0.92913021956
0.93854225606
0.922126922695
0.9624451619350001
0.950073218035
0.95269186927
0.944492675095
0.9997356720449999
0.99966070039
0.91384756584
0.9112185244600001
0.999728425685
0.99973664298
0.85732630737
0.925800857685
0.99965692539
0.999768161795
0.99973088
0.999777108675
0.999510767995
0.49846791022500003
0.41498822231
0.99987856529
1.0
0.909271987995
0.886035355925
0.851706773065
0.82837304496
0.92512854858
0.70464494697
0.9236782426350001
0.999678083015
0.999807543405
0.999126851205
0.999422996795
0.9995696126500001
0.940987858785
0.9121786613399999
0.9996217738700001
0.99956267415
0.9994985080600001
0.999688289905
0.95202688269
0.9057118799999999
0.7794774354349999
0.800263223225
0.9169782905299999
0.999631740955
0.9995723574000001
0.99954973508
0.99965257763
0.8498655351450001
0.9311169510149999
0.99966752727
0.99023070009
0.40314262423499997
0.49076277255499995
0.751842224875
0.74825453817
0.7693955457549999
0.92617319315
0.9994135790099999
0.9988431666149999
0.822831417165
0.9073836072149999
0.8488581390700001
0.89467237041
0.7753633002
0.7861332129249999
0.708063985595
0.9298893395950001
0.999596476125
0.995677616715
0.99955258103
0.86015130487
0.902408266775
0.99986513026
0.886148948105
0.917017466025
0.80006046094
0.794816161615
0.935764071735
0.779921425725
0.941993977115
0.7015018514849999
0.939733480485
0.99972593703
0.82514563611
0.906833970955
0.9996593865500001
0.274103997595
0.37191138756000003
0.921699369935
0.82879856
0.888179002205
0.8908351933049999
0.83028910693
0.9548414014000001
0.999898553325
0.999745341985
0.999826502155
0.943281680605
0.985110856915
0.929126790345
0.8715649003299999
0.97767303652
0.99961687325
0.999787050935
0.944906327595
0.9252563892500001
0.9190134504099999
0.809721857215
0.95008053745
0.750173264165
0.944708256515
0.99976942116
0.99975486056
0.999804262165
0.99980190095
0.93713698057
0.99572281859
0.91895042462
0.86390572485
0.9658760614249999
0.8260049412250001
0.17870778481500005
0.655614003195
0.9987411602299999
0.999698347815
0.9324978735299999
0.9512007070399999
0.790836806385
0.94064836837
0.9996102053
0.948009861695
0.88858958959
0.752235590675
0.948877505745
0.99965316
0.93984779044
0.900200878595
0.7846644786849999
0.838885091055
0.95439927964
0.999686768245
0.999693293295
0.999842682685
0.958715669855
0.96731747078
0.92507413621
0.9995217912850001
0.890585741425
0.91458349359
0.7981162399999999
0.93391697358
0.9997073629450001
0.9245464664649999
0.91254375748
0.9998009209200001
0.89217373939
0.11796883366499998
0.41514878243500003
0.963069544365
0.999582123645
0.9387719424450001
0.99985965824
0.7944165765750001
0.9238421325899999
0.7860101752649999
0.92343407022
0.80005269987
0.95559608196
0.999747753875
0.99969512
0.9996942397899999
0.94181210421
0.99983314377
0.93135076279
0.97110231063
0.9998630936899999
0.9300512697450001
0.918540955425
0.859031332535
0.961702268865
0.7824705342899999
0.9687639100750001
0.86225083659
0.917024105275
0.8268301019400001
0.824492915585
0.953833480355
0.7749490329000001
0.94962077401
0.99985218262
0.99980013965
0.08073746767000005
0.798229987975
0.999741177645
0.75048415792
0.92795802558
0.9998876621299999
0.881172448265
0.900390878175
0.69119525329
0.95213744864
0.99968892003
0.9997116511649999
0.96431274255
0.916348990605
0.7699861861849999
0.858216663335
0.9337119407450001
0.99964095686
0.999786013985
0.999654452775
0.99958647865
0.999710962595
0.999792721805
0.8760799680150001
0.938302114925
0.68533233143
0.7378522849750001
0.96845888488
0.738834586165
0.932621710395
0.753093610225
0.9470447749299999
0.9998725869499999
0.999782274635
0.99659284198
0.003078531415000034
0.873318214035
0.9998542216
0.9068782739000001
0.89182573228
0.751887948795
0.786301010305
0.73798720256
0.9289449890000001
0.99950641615
0.99947667367
0.82191998406
0.9527303409
0.99944641638
0.999652557955
0.91678556
0.83458006611
0.778279816695
0.948864414235
0.8396658653850001
0.801561727655
0.765595961615
0.9692645833350001
0.819508162655
0.77731384031
0.9241400280050001
0.9997151545449999
0.99946565313
0.896119721115
0.806301956455
0.8819746658700001
0.8889376792700001
0.934244795835
0.999429885975
0.920405482355
0.012059543819999963
0.652061193345
0.7578230046
0.849452669465
0.8660849709849999
0.8633242496999999
0.960239904085
0.812414507565
0.81629218922
0.8652477939700001
0.78427917877
0.79578092283
0.9353645695999999
0.967945124625
0.8304253980949999
0.9641581265000001
0.999744681705
0.999630198465
0.999739577705
0.99975301072
0.8838870067750001
0.9266950977449999
0.99967257839
0.99973838162
0.958870011015
0.930800480815
0.93200403395
0.9997838574
0.87081798022
0.9326714499850001
0.7492644335549999
0.9497247827399999
0.9998714943
0.9996732230600001
0.742166252
0.06348532800000001
0.9695907059050001
0.7681207526
0.7658526966399999
0.6632255473
0.9333724330800001
0.999826757735
0.8620468356950001
0.8173216991500001
0.72022298279
0.94461564626
0.999561181775
0.8847679375549999
0.8349488
0.760123756245
0.93805447081
0.796981246875
0.7609220067950001
0.7367137841599999
0.78917603041
0.9229006402550001
0.9995885954400001
0.88318080798
0.81939474263
0.7064353130000001
0.95556448617
0.9998031727050001
0.99974771884
0.91548523577
0.829723511725
0.9327885405199999
0.74896123077
0.9380458831799999
0.99968025605
0.75097379131
0.1585594958
0.892548138535
0.8465299780300001
0.8448115588449999
0.95266965752
0.894363567365
0.9787162007800001
0.81214464679
0.8189395906150001
0.95977772882
0.903269605195
0.95339179672
0.9282103706649999
0.963416629935
0.908733865815
0.945340924555
0.79884586752
0.97558432627
0.890328752875
0.94669922869
0.830537481245
0.975341763065
0.99960621056
0.9994610661050001
0.986671283175
0.99873521183
0.8520084867900001
0.95851483599
0.8733722272150001
0.96328606024
0.99970951666
0.965479081835
0.99972552318
0.9588442311550001
0.5938931676
0.13373081856000005
0.941723211035
0.9996985700000001
0.8972933959449999
0.9824641054850001
0.97902775005
0.99927437206
0.99951963946
0.9817622433650001
0.943790337395
0.94519579958
0.933554727565
0.954814980525
0.951520056015
0.839651606465
0.925205634365
0.92540224629
0.927190898205
0.9262785928449999
0.953120466895
0.96852153263
0.949357164315
0.99558746882
0.995910154215
0.951278708775
0.95324216433
0.9527303409
0.937499272545
0.972481875565
0.9730578115599999
0.9614914371550001
0.9337496805100001
0.999662636155
0.9997722138649999
0.586361143545
0.23809703120499995
0.8385888554800001
0.91053996
0.84015360608
0.8043389498899999
0.966756831365
0.99976505339
0.977707070505
0.999399318635
0.9437286713299999
0.93051622596
0.9774787246850001
0.90310908365
0.9462770678949999
0.87388045518
0.9629416524800001
0.85480703367
0.9245467067049999
0.844695481805
0.852325785155
0.97516235529
0.974859204475
0.95452977511
0.93971662506
0.9999084637
0.99990245565
0.99993615531
0.999763712575
0.999880542265
0.9996921813999999
0.99969306057
0.953522976895
0.963961032205
0.9976422946250001
0.498325322935
0.24976175229
0.9670876467649999
0.96614032
0.96744244597
0.9492319519299999
0.951059117235
0.93770993192
0.9596421829799999
0.934929809045
0.9555416334650001
0.93605546303
0.999813602315
0.9998396004000001
0.95796947453
0.9351553607
0.95053765247
0.9933838108599999
0.99980846762
0.95495516171
0.999389607805
0.9374596886
0.9022187712649999
0.9286430541699999
0.9837073278
0.9998275772399999
0.9622981169849999
0.9993332402499999
0.94415837258
0.993286185195
0.930072050435
0.9717118671199999
0.93129913026
0.9327409542749999
0.963112822055
0.40789669206
0.503252914205
0.866995381235
0.847354113765
0.9695034769549999
0.9037842225999999
0.89806154461
0.94489136893
0.8550220933700001
0.882478647865
0.8131890339950001
0.8187968775
0.966280188395
0.9997512097600001
0.93626088871
0.8765092398350001
0.846670081025
0.81639532
0.96613056891
0.92548369133
0.875326493325
0.820085055405
0.77968889778
0.7569974957450001
0.78318029241
0.983037717025
0.8613626672
0.97659322102
0.999828674265
0.9224830566100001
0.89171251371
0.78823272873
0.787663446345
0.76783556933
0.75138364
0.24255858739000002
0.5458440653500001
0.9997708752600001
0.776275930985
0.9314380838299999
0.999995508405
0.9994741303500001
0.9994670811199999
0.9995862041400001
0.767847285045
0.9154877819
0.711723018415
0.7759021272350001
0.65108442672
0.947173912175
0.9995281752399999
0.81856504641
0.863155759265
0.6724521529649999
0.687547691085
0.6915006622500001
0.702638430905
0.6918391063699999
0.69171537616
0.6918566913399999
0.9576600520099999
0.999525891875
0.9993099169399999
0.845255257895
0.80312151291
0.943347966015
0.7786297440000001
0.94104808809
0.69216486622
0.78554064
0.163637436515
0.33138242249000005
0.61315734295
0.5546793237950001
0.95661805083
0.9966719984050001
0.67957093606
0.722953369325
0.623701636075
0.6461627519800001
0.939302181925
0.64828202247
0.73951995197
0.58457620425
0.6145156027650001
0.927017189685
0.9995039935950001
0.6828672134449999
0.91287286171
0.9998955250799999
0.7766117576700001
0.7837894905749999
0.612874377685
0.93077368
0.6491971668
0.945725065115
0.6109004800000001
0.6700716
0.902458682635
0.615303568565
0.9225519944
0.605260990495
0.937235491605
0.57551935323
0.7254174531600001
0.11221882611499998
0.46823171999999996
0.978033739755
0.897589716915
0.96891548368
0.999852128725
0.9390572486250001
0.960175717
0.92836497806
0.90493139656
0.980409756095
0.8550979795949999
0.82460019992
0.7935614520650001
0.80676755893
0.765828805925
0.7800994499449999
0.939394921015
0.869131268055
0.923038917295
0.921865879765
0.8777881835449999
0.92794043574
0.77087332
0.79790971097
0.9593064055149999
0.8601309854950001
0.9055951316849999
0.78769673281
0.94394334867
0.9999811999999999
0.999698275
0.951674292005
0.9877293233100001
0.857117674095
0.07617261034499999
0.445956616615
0.9218185520000001
0.99972135308
0.8388347199999999
0.9652332366749999
0.77530112
0.81858871836
0.9613798496250001
0.99966044836
0.89181318132
0.92089178096
0.667443708875
0.6527288142350001
0.949859526675
0.782789276785
0.8659136032000001
0.93951168935
0.78142601561
0.8573345600000001
0.9392886363649999
0.99978889889
0.952121956585
0.938953213675
0.99961580158
0.849023635275
0.8459640364050001
0.790537357585
0.863484564565
0.9519001101
0.8310790995499999
0.840452775285
0.942674270825
0.9996203423750001
0.8294260543900001
0.0035163687450000727
0.6588564046300001
0.8118115076200001
0.821340357895
0.7015140628100001
0.807163952445
0.806613711205
0.968055125375
0.8327091654150001
0.746905252645
0.93372561818
0.8715245373599999
0.76908687837
0.9275277166300001
0.8876682761350001
0.7507287231900001
0.6877088653200001
0.763853662435
0.73687212526
0.933351177945
0.817436051845
0.9823634139
0.82212009579
0.90675465571
0.7315592936249999
0.761237660255
0.736384438445
0.7112949674850001
0.728155154895
0.73403633079
0.73395914043
0.73398459082
0.7339869448049999
0.94753301205
0.7181969913999999
0.007549729245000053
0.64568913841
0.79016993779
0.800550919265
0.80002641585
0.94631091109
0.858414302835
0.7954087670150001
0.78857586724
0.7789686043
0.769907142855
0.7672616925400001
0.76985518967
0.7672715353199999
0.7669627702149999
0.76693903979
0.9496660932200001
0.724138278515
0.711143623625
0.68569853971
0.69308734253
0.948122384475
0.7681789199999999
0.800178380535
0.66925918797
0.7173529505899999
0.7245746225399999
0.72454669467
0.7375683014350001
0.739512982455
0.7395055927949999
0.7394848291049999
0.9621162283750001
0.745290165085
0.739300562985
0.02488021557
0.6927952519300001
0.96223007684
0.7924296593199999
0.823054061625
0.7287551126149999
0.793007922975
0.79973517407
0.7996844631050001
0.79970732
0.799891618325
0.79977980404
0.79975347396
0.765542343065
0.76356074037
0.76353720628
0.7635539600000001
0.96417352
0.69563837535
0.783999040385
0.722264972995
0.65095493155
0.649237588725
0.64281712685
0.95564557823
0.999938869505
0.827881171045
0.77906188
0.931480948095
0.71354789547
0.7912777064950001
0.691249875015
0.64174209421
0.6412337354200001
0.52000523886
0.05972462122500001
0.605813734625
0.6548314094250001
0.64557403271
0.95870574091
0.73517846708
0.967125072505
0.7789650939600001
0.974607037185
0.8183036510949999
0.95745141028
0.815213561355
0.9245234360950001
0.6667675145199999
0.6820728036800001
0.6794133811949999
0.96508800642
0.799739064375
0.937852246125
0.680259056375
0.7061438036300001
0.9658267362499999
0.7894859200000001
0.96344738474
0.8209142628699999
0.8731586
0.7006416558349999
0.7089393496749999
0.958935486445
0.7695937011049999
0.85735791367
0.7474510204100001
0.779766633325
0.972410556835
0.52364866214
0.20131734267000007
0.60338167133
0.58965928
0.64104477075
0.6327998000199999
0.96970594207
0.626033996385
0.617340663735
0.62726380638
0.964847
0.62181661834
0.602780049975
0.91993608165
0.6952647668399999
0.694789604655
0.5753494182
0.5708578545599999
0.580441745045
0.934204617835
0.667138526485
0.775718963275
0.59508869113
0.599684
0.5950051015300001
0.955540335465
0.6712026067799999
0.65169452369
0.681262572745
0.957460389805
0.64773001698
0.7150337330150001
0.937590559055
0.689761136115
0.714759635965
0.558285374865
0.15434915682000006
0.6610054605450001
0.6568561445550001
0.9687914707049999
0.760125165695
0.887468157315
0.7138159607500001
0.735889948995
0.694384148535
0.68548106159
0.932719967985
0.764806835215
0.912516761505
0.663534826965
0.68737641764
0.709115325555
0.6863476987849999
0.69584642464
0.7083001799649999
0.7274281943600001
0.654629291215
0.68882689883
0.654392046365
0.939515315315
0.776602035115
0.9570206910350001
0.9994443399049999
0.9606683331649999
0.9997026573450001
0.93600768461
0.75574636
0.950064180295
0.62398244665
0.641222894815
0.31280076430500003
0.235325995615
0.96793122582
0.9172475117200001
0.966189228765
0.9223314868499999
0.81167307539
0.8094298477549999
0.839609239075
0.8184804545000001
0.8119480582049999
0.7957576084800001
0.795184320765
0.7951555332800001
0.7431145685449999
0.747100749775
0.7946075407550001
0.76669749626
0.74264322051
0.7514512835899999
0.74568392589
0.75105584
0.7646717584749999
0.769911044655
0.7698911207
0.769945261895
0.76934081408
0.8061202799999999
0.80806711973
0.80834652833
0.974992075245
0.822639847435
0.8317985614400001
0.742208329995
0.76834371377
0.32490138669499996
0.28598435807999995
0.95376268874
0.982988334335
0.98633153045
0.98564422673
0.964756244375
0.9835018815050001
0.930306678645
0.95030310186
0.999584756585
0.9145702859450001
0.9925352445850001
0.965669256115
0.991184397875
0.87942682268
0.954142677195
0.8939289600000001
0.88598452
0.88740276
0.87432848715
0.8860641084399999
0.856635601045
0.84945056348
0.8922916491249999
0.8501380276049999
0.82455381538
0.8246449355050001
0.9024123236949999
0.8827891256699999
0.859672942595
0.8596300359000001
0.85960437224
0.86290171931
0.861887092255
0.30101403761499995
0.294908902865
0.818474791105
0.82500062006
0.86168478043
0.8681559159150001
0.8681719087649999
0.8435995198549999
0.8873089241200001
0.83666522306
0.88973889389
0.9583694338850001
0.95953664
0.9594709729049999
0.959517576485
0.959414822945
0.9595066800400001
0.95938216
0.95955154423
0.9595014701450001
0.97901046191
0.975470988395
0.9992165550350001
0.907017732125
0.8036927454899999
0.982849935035
0.89806857599
0.975274832515
0.827320661655
0.80138127251
0.88299190405
0.876678077
0.8717147770449999
0.868261746715
0.8681162
0.23017425254999996
0.364152781775
0.765320015995
0.7641974612699999
0.7396269035049999
0.74249878073
0.74250768305
0.742512668735
0.73712136
0.73694690938
0.7370730780750001
0.736865020495
0.73705698324
0.737061785355
0.73707684926
0.736948269325
0.73707691999
0.737095330465
0.7371169766050001
0.7370077207000001
0.737024739375
0.971520327315
0.809684643145
0.9005432513499999
0.946472774505
0.85433060491
0.969380108065
0.84979813534
0.9736254113899999
0.852001965505
0.99049628149
0.7529218
0.7773266580250001
0.7772325245649999
0.981769690905
0.19302144828999998
0.65900261843
0.634465622875
0.9388124812499999
0.655076575765
0.772341764295
0.5934558144200001
0.96682240448
0.700748985505
0.7329927605400001
0.6036234916150001
0.951441665
0.629941182355
0.755764221465
0.607054981995
0.58120323838
0.581216723345
0.72891204627
0.60704814035
0.60902887359
0.609010528425
0.624737151425
0.62375383385
0.623742263925
0.6090049844850001
0.6065792277750001
0.6026134187850001
0.605388985505
0.962143785085
0.60223959208
0.7138572511450001
0.7184391378450001
0.66338576854
0.6574603720749999
0.6648237928600002
0.06937303312499993
0.40106129574
0.682577622655
0.960037019955
0.755766143385
0.8361578010999999
0.6093502145049999
0.626849082705
0.6266701179299999
0.626691829185
0.96070693208
0.657358216715
0.834322984595
0.6483755746550001
0.61124210105
0.6039980002
0.616421315735
0.63587274359
0.63858752257
0.64986523957
0.96508151706
0.687436263625
0.8923301346650001
0.6151368042350001
0.58853781378
0.58539575915
0.592557497
0.600234164915
0.60175
0.6017420609449999
0.6017688462299999
0.618252340935
0.633365233045
0.635243542585
0.60175925815
0.011781353384999966
0.46876119903999997
0.9575394921000001
0.6916826386799999
0.820564367125
0.642730204285
0.641301504515
0.5896991097350001
0.9581846369249999
0.7213070371850001
0.8374645329049999
0.65847171697
0.698326272625
0.70647968859
0.706296312625
0.7361662332450001
0.7381155626499999
0.738202104
0.7382129838950001
0.71168187812
0.637496579315
0.6263279928
0.62636692
0.61175276
0.61977278272
0.62117366947
0.6051415316950001
0.60428669665
0.618900860515
0.61628413793
0.6156573024750001
0.965549639135
0.633851875565
0.8146748525149999
0.60651610361
0.007142419645000045
0.640570889425
0.6952825219450001
0.966028350875
0.72867163163
0.770801635095
0.806094306335
0.7691761533850001
0.7635289084350001
0.777786738675
0.7786293376050001
0.7786688335
0.947919752225
0.7570257779549999
0.679059470265
0.8711869973999999
0.749429927225
0.7369202288950001
0.7369357185700001
0.736858045175
0.73697293188
0.722767649705
0.7856934841350001
0.7919287687700001
0.7769862696100001
0.7760232539499999
0.775968763125
0.7492738000000001
0.7336569943000001
0.7554410292199999
0.72993182867
0.72651738826
0.7265068400000001
0.74063725705
0.620635508815
0.03172847125
0.732635365855
0.81676769615
0.798970051015
0.75751052
0.7869481748149999
0.818155112615
0.8194695817850001
0.81949601836
0.8193989173999999
0.979199640825
0.82375231602
0.89615759272
0.7994525034900001
0.7954916817000001
0.764915926995
0.72227977528
0.721762493755
0.722696428215
0.722622164435
0.7182134609649999
0.9714655438600001
0.809360256025
0.8291393781849999
0.833103921765
0.773126222135
0.7173461307749999
0.71736786215
0.717354194195
0.71732734906
0.7173947132149999
0.75921526901
0.76408607443
0.764067113555
0.59064826
0.07989276016999997
0.642965163605
0.666738396795
0.6449680799999999
0.58987176153
0.630446492105
0.63459235758
0.590660733615
0.9632282856550001
0.6652120375899999
0.73055055011
0.58359920008
0.599677432255
0.590100788345
0.591121402805
0.62046121309
0.969162578965
0.67295728543
0.713204251905
0.638510024985
0.632866459815
0.59523775245
0.59522784204
0.621625554105
0.665642075795
0.63423412
0.684232786885
0.68708773755
0.64799780066
0.60644871718
0.5975117747249999
0.6183028
0.61900189867
0.967874179345
0.47610262799999997
0.10587038081000007
0.9302361680000001
0.809558289195
0.964963889165
0.92090954191
0.811396761945
0.907073345975
0.7947410644499999
0.700495616575
0.95760604968
0.7633369060649999
0.8503831393000001
0.8906108356650001
0.8001976993100001
0.6810297370249999
0.697918738775
0.69788781563
0.690066226755
0.6905785335600001
0.6906312674949999
0.9780347531150001
0.849040930045
0.97164940494
0.999365324275
0.7870458308350001
0.8402919059549999
0.722356057575
0.95059104179
0.7818329103799999
0.8437251602549999
0.79596444
0.72360035982
0.9683468721849999
0.74064291854
0.49554618734000005
0.14777512117000005
0.728512316315
0.71101084
0.7093014997
0.709306629335
0.697962436245
0.70736356
0.6978961028599999
0.69601140228
0.69599298316
0.7280116555249999
0.95831565226
0.77387146283
0.699908961935
0.829689724865
0.842154144585
0.717491184985
0.96169097992
0.999733453635
0.816692029205
0.94423187712
0.904413753005
0.6769466213499999
0.823232648175
0.7707375238099999
0.7121731026900001
0.7092649135100001
0.6789128512849999
0.6745495211499999
0.67454814667
0.67449091273
0.6744847176400001
0.969415889535
0.7328212467449999
0.35062725072499995
0.16217011494499994
0.6336618819800001
0.64247389123
0.61722404
0.6279548045200001
0.63005422444
0.641379731085
0.63139894243
0.63006702117
0.63004569828
0.6300266427
0.64510743934
0.652858331665
0.652800639745
0.652784127615
0.61532504013
0.648353844615
0.9441591359149999
0.64207724
0.75364459554
0.598736326365
0.96078704259
0.999654754065
0.791845268645
0.68787934413
0.629691325665
0.585767339595
0.9536898889900001
0.60337944
0.738273947395
0.64401389339
0.5881833050099999
0.5784803119699999
0.5784927936049999
0.43804925504500003
0.20438830529
0.610534983035
0.600613835975
0.649921167885
0.58976160768
0.5897879272450001
0.63282615477
0.6426317954849999
0.6569551617099999
0.65819848394
0.58979787234
0.6075692553700001
0.61532489502
0.642134386875
0.644839451835
0.644705327335
0.64482264453
0.644736726325
0.622421835635
0.6214967393499999
0.59430171017
0.56973190681
0.566745656305
0.5803363390999999
0.57350744
0.57272448613
0.9630511497700001
0.60959388061
0.8152539644499999
0.5790208529850001
0.571769587835
0.5736117553
0.57752299252
0.95073251128
0.26178807923
0.275735659455
0.688201884145
0.690199479895
0.68782048
0.68780509949
0.6878599920049999
0.6878425612800001
0.6878190285850001
0.68780332133
0.687783765455
0.68781758396
0.68782595481
0.6878018796250001
0.6878038022799999
0.670264445995
0.667066853705
0.684521116335
0.687823462345
0.670354969005
0.667099619925
0.667091068755
0.6670629384649999
0.6670430157000001
0.6670663733650001
0.6670831033800001
0.95761001101
0.7445223252550001
0.8730296681349999
0.6862020198
0.973883109595
0.820028525705
0.75382790326
0.6761686505950001
0.68754565087
0.20709676670500005
0.31056236747500005
0.679415132105
0.6605828204849999
0.9595257925799999
0.7220723600000001
0.855038117085
0.9323672716350001
0.73387172607
0.855831905525
0.6658313281949999
0.6888141943199999
0.6914691592500001
0.6937449565150001
0.6917489553149999
0.691759241515
0.9625677225350001
0.713943171365
0.71156851149
0.6818699700299999
0.66096036811
0.662328647135
0.6625179646099999
0.9579221044199999
0.68742688
0.8733731480550001
0.62835680864
0.971220850425
0.65179304139
0.8866317095149999
0.622990841065
0.64714336106
0.6571448234449999
0.62966570145
0.6259436349099999
0.13511759735500004
0.382539504295
0.820522415515
0.811429079645
0.80784030403
0.813354693265
0.77174896
0.81243685213
0.8198282800000001
0.819795680865
0.7189146744000001
0.737196451
0.74235331863
0.742327927205
0.742384879315
0.718143287175
0.718154033305
0.7675983166349999
0.976695107555
0.792426216405
0.982893981205
0.9295653876900001
0.9872327599999999
0.999642835715
0.872614317135
0.768130573055
0.9759326555
0.77042638861
0.70347491244
0.96344038423
0.83435906141
0.952589641755
0.80281415397
0.913007321695
0.68640108249
0.10670289831999995
0.47913923038499995
0.8307595240500001
0.8603280287899999
0.80649320932
0.784420909815
0.7844103016349999
0.784378226935
0.7843564973999999
0.784389194595
0.96176550349
0.938424270385
0.9917701957649999
0.95165940475
0.8812805755399999
0.83429915798
0.9640009605750001
0.9461544321450001
0.96571094627
0.91326729346
0.98309067627
0.906682331765
0.9673722116650001
0.90564978472
0.81065937625
0.89661065443
0.8276255813950001
0.904215138485
0.745770220405
0.98736226188
0.866895179035
0.916139666035
0.79403702374
0.79392625564
0.8311907449899999
0.038178085105000065
0.5365950871599999
0.76219865718
0.7675845507300001
0.758443360975
0.75669763811
0.7562883135049999
0.75633026092
0.98040789026
0.8340965806849999
0.89332740356
0.95577016
0.91967790337
0.984380845745
0.92270230746
0.98451524
0.977592659085
0.97288985972
0.944815490845
0.9100945672849999
0.8746071578100001
0.87462749499
0.87455360608
0.8746380733500001
0.84393433789
0.7756648529700001
0.775580861055
0.7756797671600001
0.76759248376
0.76757737656
0.97288792706
0.87072696348
0.93096067763
0.9243419969900001
0.8590475407550001
0.003019391035000008
0.898414429315
0.8812295780849999
0.967992034425
0.9995601720499999
0.9995479843949999
0.99990569171
0.99957123766
0.9995051988399999
0.9297139827950001
0.9867491243850001
0.95631035172
0.99972492
0.9877169537099999
0.9385152208850001
0.986863060895
0.9600609094550001
0.9514017042599999
0.936603638545
0.950867761315
0.913559796385
0.8822404647450001
0.96951486554
0.9997248875999999
0.934666920305
0.9096312587550001
0.9347224387799999
0.90772636
0.891379892065
0.96226382553
0.9453637145999999
0.9384641596
0.952937437335
0.9338509796100001
0.737787996395
0.017211075569999956
0.91288273009
0.9002206777949999
0.96229313647
0.970888096385
0.76396381389
0.9613561954450001
0.816427485495
0.843229908035
0.769407431085
0.87560829327
0.765507526235
0.808731200795
0.77358
0.8223244612949999
0.72962744116
0.84414410559
0.72803989229
0.8442989469450001
0.728335203115
0.7982622760499999
0.7260459908
0.765025007495
0.7387506503900001
0.8474590068950001
0.8101958898649999
0.832869823435
0.7288420589700001
0.72593634546
0.9720013615
0.8682474667749999
0.8459463946400001
0.958504819035
0.838120279165
0.63607042728
0.059399037830000015
0.66429176447
0.744555027935
0.7808057576949999
0.9655374586300001
0.695858661065
0.67888024
0.7173465093
0.6564884934499999
0.647304377305
0.96705738921
0.9997959143
0.776152549175
0.765924136555
0.6899436169150001
0.9413446561050001
0.7310746232900001
0.737962675705
0.778541167035
0.70386078979
0.69742819277
0.660811710815
0.7051558859
0.6802882464750001
0.6781370447949999
0.678160527895
0.678196323675
0.67173904021
0.64988107783
0.95022520975
0.66725551232
0.6492124448000001
0.8129180674800001
0.69939773615
0.697492966705
0.14118079330499997
0.6590656429799999
0.67780533652
0.7564220731100001
0.6553560428549999
0.657976364545
0.630062960375
0.6616009998
0.6630440346850001
0.6631034551849999
0.66303956066
0.663091450855
0.663117031705
0.66547320196
0.656089484205
0.962602346805
0.844499550405
0.9692307261449999
0.901555386465
0.684626916935
0.826693429345
0.73368572286
0.607814251305
0.668717238625
0.61385013477
0.943312518765
0.999567740645
0.89317507726
0.784579121875
0.759344220405
0.748257849915
0.76041287237
0.6796168783100001
0.98197267727
0.47746274745
0.170086252505
0.95755079625
0.8262122701850001
0.8604481281299999
0.823023383385
0.7572192809499999
0.77789846185
0.7688856572899999
0.7583849985
0.759548398685
0.74282008821
0.77665443669
0.78228648
0.7931201604
0.7833139133899999
0.7931348186649999
0.741780784195
0.78865008013
0.7761078125
0.808690208605
0.7822023378949999
0.7766
0.77195721173
0.78459414644
0.9851221788300001
0.860173127755
0.782658706465
0.9690814637099999
0.8583578231300001
0.97520966319
0.874813117375
0.733494492755
0.950314788875
0.859788098575
0.43857500099999996
0.14504646114000003
0.7529373966999999
0.7422068234100001
0.7506627772250001
0.83911754439
0.7945864460850001
0.785466119835
0.78558008779
0.7854991461599999
0.785542748855
0.95296841684
0.803153249875
0.78534408645
0.82950789869
0.8581125448050001
0.7642451936599999
0.77502686925
0.7825134887449999
0.802577911645
0.8040711262
0.751994779835
0.7124436523850001
0.728421259525
0.700415290705
0.764636509205
0.750849056225
0.782692200555
0.75064188103
0.781845581025
0.7855647200000001
0.785376877805
0.785538735495
0.799416301315
0.7890560273700001
0.395000883825
0.27479373134499996
0.957318451845
0.9008026028650001
0.86941465958
0.8633163281549999
0.98915156735
0.99922607307
0.89176010425
0.844448206255
0.920361102235
0.8620446582499999
0.9732195793049999
0.82728272972
0.8568627939700001
0.84084935558
0.8275205761750001
0.79714452438
0.8951488208749999
0.79536150085
0.78133947736
0.785000721875
0.7848990380749999
0.7436419518999999
0.7380376965450001
0.7380777877599999
0.73805013013
0.727485383155
0.726513469795
0.726551156505
0.726486145845
0.726542859995
0.72652448
0.7346872760050001
0.735089
0.296590892875
0.24635782543499998
0.7390825434899999
0.776734817775
0.75095832915
0.7519479195700001
0.747088036935
0.74539567255
0.7454123723699999
0.750184883025
0.750405396225
0.75033895116
0.75036923077
0.7455297161750001
0.74535772228
0.74535894146
0.72466236129
0.682230633875
0.7300543219749999
0.96225889435
0.8675627934750001
0.82391761876
0.9809124149
0.644242720385
0.643917495985
0.653488643375
0.76083612981
0.81233607488
0.84300912098
0.7535480457000001
0.96767491759
0.756375347675
0.717037088735
0.97362871178
0.639950527365
0.22678306375500004
0.31918517735999996
0.6788070849600001
0.7078112009599999
0.71558241714
0.7421429457050001
0.68011515939
0.6802350663600001
0.6801838379799999
0.6836100369899999
0.6802134453800001
0.67997904838
0.68003540708
0.6801962656
0.6798875124899999
0.680041970365
0.7612588070999999
0.691224429315
0.73149047286
0.66369197241
0.634517121985
0.692669859325
0.742498248425
0.68866284115
0.76022377762
0.6799272545299999
0.7177101310149999
0.64281029441
0.7672407009150001
0.665047530925
0.9825350577
0.7749202567200001
0.6953874587450001
0.89979336
0.80695516
0.17407637308000004
0.455252294735
0.80940314741
0.9668411233699999
0.86143510139
0.72405043026
0.971759768395
0.7972477904399999
0.76588192723
0.82468554867
0.899039527195
0.96752637988
0.915846255505
0.72286640016
0.97432052052
0.76119104179
0.794930713215
0.8833606090949999
0.790719433075
0.96731869674
0.99963358381
0.903543609175
0.98152160401
0.9995426452899999
0.8092493861650001
0.8875183526599999
0.87235154176
0.8678978987399999
0.92783409862
0.9752576818850001
0.775330498155
0.829979524095
0.8303000300850001
0.9213111887400001
0.99438814696
0.14482887287499993
0.58835844606
0.9842252217549999
0.918305134865
0.933700079905
0.9599130295749999
0.8832048516450001
0.98184764377
0.999880904725
0.999832329095
0.99963367581
0.9999297324399999
0.99994146244
0.9734775274199999
0.9706335361599999
0.9664213403
0.968101718625
0.999676522085
0.99983529412
0.93761455931
0.9438398802400001
0.9407467494749999
0.934014906335
0.99909765484
0.999778287765
0.908133546965
0.96263891892
0.925789366585
0.9530631104
0.914441861855
0.95194169178
0.97763230508
0.9010045368249999
0.94384311844
0.93580958671
0.08603472196999995
0.6198396281099999
0.94994396483
0.891969101965
0.8741039663450001
0.89264119236
0.8976133239949999
0.9391404263850001
0.9252769092199999
0.887936416185
0.9312924035350001
0.940909374065
0.935463680895
0.90702272818
0.9549956782700001
0.949181040185
0.97209007071
0.963122642645
0.9586478827999999
0.966057222555
0.91099538801
0.9657928178449999
0.9566745394799999
0.9313354954949999
0.856374097835
0.9371560922050001
0.9080632673450001
0.9525567497249999
0.99081014638
0.90027684
0.908418682635
0.922680671595
0.963845158715
0.9567523580199999
0.94993213528
2.8622345000039785e-05
0.7789838235
0.9821433216950001
0.925526132265
0.9879986372749999
0.99985885177
0.987123725765
0.999484151695
0.99947416675
0.99945974805
0.9998511748800001
0.999756422795
0.98655710853
0.99948179283
0.9995321700750001
0.9993296096100001
0.9995765338649999
0.99978006611
0.9889349484450001
0.99950633013
0.99955280495
0.98483028429
0.999746030475
0.9998161503099999
0.99626655984
0.999389056115
0.99935069263
0.978403795065
0.999872918545
0.9998090954500001
0.995190803225
0.999497923565
0.9997257302900001
0.950438851215
0.928427073585
0.019259978014999943
0.7433259215
0.8511954239849999
0.85962709832
0.9919838545299999
0.9702402563600001
0.89075352564
0.955018392645
0.93718200637
0.86280168861
0.9305547509500001
0.994597284885
0.9180668465749999
0.9141466227699999
0.9276804249799999
0.906575752125
0.9686033003300001
0.9980755124499999
0.8415398460150001
0.9184358871749999
0.92123357372
0.923253253495
0.99974092768
0.9998035692799999
0.8244145469099999
0.88836457417
0.893518392645
0.8983307115
0.976117886745
0.943984687845
0.8305388800000001
0.87613956374
0.874951396815
0.8780397004499999
0.833170751225
0.04740594190000003
0.90011040128
0.90011040128
0.827716996205
0.86262540222
0.9270045404549999
0.889169902815
0.889169902815
0.8028295377200001
0.863795604395
0.98864207782
0.9120112063799999
0.99925511147
0.99925511147
0.9345011942649999
0.99946805946
0.997581118785
0.936788201495
0.999592489015
0.999492957185
0.8752751645700001
0.94028304609
0.9515879358699999
0.9515879358699999
0.797645462695
0.826385781515
0.9468701002000001
0.999644728945
0.7743474747450001
0.9252635136499999
0.8854861931350001
0.99684238543
0.80893546313
0.6672853519999999
0.6672853519999999
0.9500137068550001
0.8318246055649999
0.907188386065
0.7223060034050001
0.77819288506
0.80423891655
0.628234779995
0.70648696
0.744652025205
0.714932707105
0.7119824017599999
0.735973973975
0.791204387715
0.7724274824449999
0.70995797058
0.68541235306
0.684728675955
0.680456433365
0.680456433365
0.7790482606950001
0.6451979206249999
0.697598517775
0.7257527265500001
0.669433433075
0.6413490872600001
0.73373470653
0.73373470653
0.78850931677
0.7065653034699999
0.67074390317
0.8652964816100001
0.723762566415
0.79717134854
0.45708369711
0.45708369711
0.111052607345
0.659481992795
0.659481992795
0.6688628393949999
0.6384447894899999
0.6818745945950001
0.607803407495
0.6291763649050001
0.68773158209
0.697217207335
0.6971265322400001
0.6971497854500001
0.70552496242
0.71666649335
0.69722275545
0.7206110933750001
0.7238819112649999
0.6961106
0.959734721665
0.724876112555
0.8595822124499999
0.59447425269
0.7707004726950001
0.7000358411500001
0.5977923654949999
0.6944834879799999
0.7302653903699999
0.71964164076
0.61404456021
0.6378696606800001
0.701026727925
0.673839527195
0.61083978055
0.421778272645
0.16309992404499993
0.752153411015
0.75387463405
0.74403601839
0.967175117325
0.71937707478
0.71937707478
0.73734221246
0.691000059875
0.921504033715
0.7204692837900001
0.636433122805
0.9644064838899999
0.844325896415
0.9397580538599999
0.7910848284850001
0.819070342625
0.828621194835
0.702870268105
0.65936631453
0.823739735895
0.828343716175
0.66576931217
0.72882504
0.709797144285
0.75662137634
0.64040108054
0.672776186195
0.6108201801800001
0.61647157726
0.58920947526
0.57790701195
0.6093667670099999
0.61635373388
0.314541129355
0.19646516231999994
0.87368667335
0.9082150800000001
0.8047430622
0.7584595104349999
0.90792173652
0.92001588
0.809901369865
0.806957725685
0.962010590715
0.951316407185
0.951316407185
0.9529045509
0.8712026007799999
0.81729132694
0.7882360767100001
0.768403043955
0.8757776088050001
0.91260164
0.75899018098
0.7386518103599999
0.95636514074
0.8958153754
0.8958153754
0.9683421802850001
0.95401803459
0.9752190361949999
0.80036632337
0.9316275531599999
0.83542720993
0.92792406834
0.7266289831849999
0.8882068538300001
0.7743947916650001
0.41045619934
0.24062261251499992
0.734921480445
0.72587226219
0.75087683208
0.73459082459
0.71963982805
0.71459749474
0.76177117153
0.76751709265
0.7495627314350001
0.786566167455
0.76833720791
0.7581108081
0.77400438859
0.70528131384
0.6638511386350001
0.6826512707600001
0.68814016205
0.6844812780849999
0.663880902915
0.6671537505
0.66983083209
0.691634181525
0.7187564364349999
0.7210568172749999
0.663799062345
0.6624801766549999
0.66017961136
0.6726620329449999
0.695122756155
0.976364579355
0.745399480415
0.935509216175
0.743932288025
0.28522041742000004
0.34239205350999996
0.8074399920099999
0.816910019015
0.7002069709400001
0.861213910605
0.8556007192099999
0.91834823013
0.8190853477650001
0.960388241175
0.757904251905
0.948354680785
0.65646243766
0.8886821432149999
0.7912961103899999
0.9642454899599999
0.731438767755
0.98677068378
0.83254450786
0.937293206985
0.67395501252
0.9822254203349999
0.748024441785
0.979981246865
0.9004074658150001
0.97334158406
0.7136579368249999
0.9255225754849999
0.99865964563
0.99972658431
0.918040415335
0.941450423685
0.999807437185
0.8649600796800001
0.9105552823599999
0.19266111267500005
0.431814001795
0.78129010198
0.8224171279600001
0.87280195824
0.875789698545
0.79737148
0.7515424742450001
0.7742937787549999
0.77171267662
0.74717893687
0.790775854485
0.756391260775
0.7471825618500001
0.74724116528
0.7177593515449999
0.96439972017
0.7822103055699999
0.9235947099499999
0.941958689775
0.7952494800000001
0.9073990212699999
0.9270453754600001
0.9996154492699999
0.963914603145
0.999576602115
0.9308601823099999
0.9997520304049999
0.9763126225250001
0.94946671997
0.8511055799099999
0.94840672336
0.88477255451
0.89768480112
0.9089913268850001
0.183602601365
0.38742327287
0.688333533775
0.70425402276
0.981489841715
0.688128501545
0.8430398880350001
0.7535030655199999
0.8675096079
0.620371695275
0.71070676121
0.704362185465
0.806583973655
0.6985935767900001
0.7120899820050001
0.611307943505
0.63033260674
0.9679779106849999
0.6755350495850001
0.89830991711
0.65250623003
0.605381464785
0.61774714943
0.68492680196
0.67912508
0.64904710116
0.650208896015
0.650267440695
0.650307673885
0.64881882118
0.64877299629
0.671311909035
0.649386544035
0.6392359564050001
0.62203413078
0.06302139693999997
0.466519916195
0.770534890685
0.81220300601
0.9876202117049999
0.887199118325
0.9273505732249999
0.78318763339
0.98153400241
0.9017689306800001
0.9434822022
0.8893391669149999
0.958214865135
0.7844968324
0.899080638725
0.84235652435
0.943116394095
0.994029494745
0.99969789958
0.924263167385
0.9452087139
0.930374734735
0.99984501653
0.919356467885
0.998226142485
0.914083716285
0.83683667403
0.926162347775
0.94836832833
0.8558790818349999
0.917343449105
0.968247129425
0.8708108118900001
0.9269086241450001
0.9014983999999999
0.013278495549999934
0.758846684
0.810728333165
0.816075552445
0.8545054988999999
0.8943819199999999
0.804180761165
0.85206108552
0.82450483227
0.81070718431
0.8266992610350001
0.8605966243900001
0.864836797275
0.8331229967949999
0.82886953398
0.970701670165
0.8571820404899999
0.876451036685
0.9150891604899999
0.846633213715
0.864716174855
0.868178833435
0.9717779154599999
0.949694727365
0.87247478799
0.9551960043950001
0.897363116155
0.9263791937600001
0.932787548795
0.999816515225
0.9670349060400001
0.9646397439750001
0.96500449865
0.9555748977349999
0.903410515545
0.00804281627999997
0.8154483024899999
0.928548275175
0.93444291142
0.9490051005100001
0.988972692695
0.9998339954100001
0.9431140797099999
0.9591644169350001
0.992397157155
0.99970612654
0.96341597049
0.946339110445
0.98133803466
0.99948926215
0.99230054011
0.99966773839
0.97656408196
0.9966788895550001
0.9742564882450001
0.98565932
0.97379280863
0.991913304035
0.94741951904
0.8609926236900001
0.97230157488
0.9986166650049999
0.9225934229
0.9352560639349999
0.9554877746700001
0.9968750549250001
0.9585308792649999
0.964400721225
0.9669574935149999
0.86855559077
0.037128274344999955
0.8846966158149999
0.917602963855
0.99552661654
0.8773918103
0.990500791185
0.94206018231
0.98626313898
0.961819729595
0.981654775925
0.861775558
0.89894263504
0.907356424135
0.961993239325
0.991360856085
0.992523172315
0.88039360831
0.968307067065
0.9996428614199999
0.9776210695299999
0.873889721305
0.9827084284300001
0.841681655505
0.980283497855
0.90210713141
0.9451075718
0.8320845352549999
0.9311154014749999
0.9585074519250001
0.949651406265
0.970733766625
0.7944682418900001
0.9548905320100001
0.785004285005
0.7486546801499999
0.7486546801499999
0.7486546801499999
0.7486546801499999
0.7486546801499999
0.7486546801499999
0.7486546801499999
0.7486546801499999
0.7486546801499999
0.7486546801499999
