None
None
None
None
None
None
None
None
None
None
None
None
None
None
None
None
None
None
None
None
None
None
None
None
None
None
None
None
None
None
None
None
None
None
None
10809.3447265625
8535.255859375
7209.82763671875
6279.1962890625
5913.76611328125
6262.29541015625
6149.98486328125
5428.48681640625
5894.556640625
5170.26904296875
5274.3076171875
5064.70703125
5003.70263671875
6077.78955078125
5530.81396484375
5384.7109375
5857.36083984375
6417.318359375
4882.47412109375
5124.13037109375
5269.875
4948.08056640625
4992.37646484375
4873.529296875
4911.123046875
5310.8037109375
5456.1279296875
6364.26513671875
5182.47509765625
5093.40771484375
4876.0751953125
4791.49755859375
5529.8564453125
5066.89794921875
4777.12548828125
4769.50048828125
5174.51953125
5499.0625
5372.982421875
5857.9775390625
5421.08642578125
4775.80859375
4696.50634765625
5842.4736328125
5690.34521484375
4751.2021484375
6023.08740234375
5290.57568359375
4868.78076171875
6211.12939453125
4894.94970703125
4770.90869140625
5274.7744140625
5280.73583984375
5411.5849609375
5291.5185546875
5384.18310546875
5125.74169921875
5316.6396484375
5364.26806640625
5155.0458984375
5130.7353515625
4934.4052734375
4951.61962890625
6187.384765625
5549.48828125
4860.73388671875
5197.63037109375
5368.9404296875
5249.00244140625
5497.02001953125
5319.8603515625
4847.189453125
5539.13623046875
5360.52197265625
4870.69580078125
4891.427734375
5079.1572265625
5342.9033203125
5843.53173828125
4984.3447265625
5397.759765625
5431.6689453125
5790.8369140625
5349.1728515625
5500.1044921875
5738.97509765625
4922.1728515625
5239.80859375
5327.32958984375
5082.7177734375
4830.92138671875
5600.9990234375
5542.31884765625
5003.1171875
5962.84716796875
4987.51025390625
5461.1494140625
5113.419921875
5074.578125
5606.8447265625
5873.458984375
5214.58251953125
4998.966796875
5561.57568359375
4762.04833984375
6063.22802734375
5811.7275390625
5499.3642578125
5390.62548828125
5371.76904296875
5209.732421875
6045.09765625
5075.69384765625
6834.6025390625
6572.0634765625
5485.5380859375
4847.00634765625
5871.65625
5695.96923828125
5265.75048828125
4896.46337890625
5432.73046875
6258.19189453125
5841.9228515625
5700.9375
5394.28369140625
5147.498046875
5407.23095703125
5418.2666015625
4988.47900390625
5386.9970703125
5422.3740234375
5386.552734375
5421.7998046875
5368.25537109375
5969.35302734375
5786.4033203125
4994.39306640625
5285.96630859375
5327.2412109375
5233.1552734375
5791.7841796875
5474.12158203125
5357.97412109375
5186.36181640625
5269.5673828125
5396.2021484375
5518.984375
5786.55908203125
5440.0634765625
5570.55322265625
5302.642578125
5868.14013671875
5840.59716796875
5826.41845703125
4940.68798828125
5087.494140625
6412.79931640625
5466.685546875
5014.35888671875
5550.7822265625
5144.87646484375
6064.59228515625
5343.93310546875
5791.701171875
5016.58447265625
5406.7001953125
5583.162109375
5372.17626953125
5238.4111328125
6091.41259765625
5726.29541015625
5361.48486328125
5240.89892578125
5336.39013671875
4997.7529296875
5122.7119140625
5453.33154296875
6153.18359375
5630.37744140625
5404.98388671875
5200.7431640625
5162.734375
5418.40673828125
6089.576171875
5498.5390625
5510.30029296875
5341.56640625
6343.90380859375
5584.76904296875
5946.5634765625
5608.5478515625
5127.78271484375
6071.73828125
5047.08056640625
5732.7041015625
6365.10693359375
5605.06298828125
5349.17626953125
5368.4951171875
5297.07080078125
6321.54052734375
6109.2109375
5491.77294921875
5814.1396484375
5242.98486328125
5762.6181640625
5016.47998046875
6341.7294921875
5503.12451171875
5228.9443359375
6429.15380859375
5731.73388671875
5837.48486328125
5539.85986328125
5328.38134765625
5630.5
5288.16650390625
5694.53076171875
5449.8115234375
6182.43994140625
6508.71240234375
6063.185546875
5603.302734375
5841.55126953125
6016.18505859375
5692.08349609375
6099.03369140625
5670.984375
5875.78515625
5928.6630859375
5378.7509765625
4993.11962890625
5686.33642578125
5328.615234375
5445.2548828125
5306.13623046875
5982.39111328125
5919.85400390625
6250.99609375
5540.61083984375
6074.33203125
6048.87890625
5279.90625
6085.7568359375
6046.3896484375
5928.56201171875
5116.84033203125
5792.5009765625
5672.62353515625
5964.35986328125
5120.38720703125
5856.41845703125
6855.3876953125
6078.4033203125
5658.810546875
6288.62548828125
6006.37841796875
5276.8935546875
5214.447265625
5332.38134765625
5161.0888671875
5895.71240234375
5845.1376953125
6146.68408203125
6104.39697265625
6118.4970703125
5551.70263671875
5283.333984375
5374.8876953125
5630.08203125
5198.587890625
6051.2607421875
5744.3994140625
6071.873046875
5801.5556640625
5397.671875
6439.52392578125
6203.5087890625
5485.89794921875
5847.697265625
5014.6689453125
5913.6591796875
5273.81103515625
5485.02880859375
5118.00146484375
5765.6884765625
5408.3408203125
5673.84619140625
5850.18603515625
6304.013671875
5072.38525390625
6071.99560546875
5172.0673828125
5342.5146484375
5755.4599609375
5438.8466796875
5729.12890625
5842.4208984375
7100.25830078125
5329.01220703125
6733.6435546875
5058.626953125
6343.10498046875
5772.56298828125
6185.541015625
5693.2041015625
5518.70849609375
5450.234375
6058.28955078125
5726.908203125
5627.8173828125
5558.5546875
5955.310546875
5475.837890625
6177.626953125
5568.18603515625
5923.72021484375
5237.025390625
5370.806640625
5770.38623046875
5803.3359375
5873.26611328125
6022.10693359375
5215.07080078125
6007.96630859375
6016.45458984375
6907.24951171875
5648.22705078125
6310.85791015625
5759.55859375
5879.25244140625
5589.7099609375
6643.61572265625
5701.27392578125
5948.5234375
6157.14599609375
6387.5546875
5325.30908203125
6286.75146484375
5294.97607421875
5449.04248046875
6510.70654296875
5882.423828125
5611.837890625
5358.26904296875
5644.9169921875
6386.9765625
6343.49609375
5307.45458984375
5235.28466796875
5619.197265625
5248.19091796875
6007.9833984375
5738.3896484375
5607.63720703125
5378.423828125
6343.57861328125
5666.30712890625
5683.07568359375
5874.291015625
5466.7685546875
5296.40283203125
6196.68896484375
6180.62158203125
5644.81494140625
6368.396484375
5690.5791015625
5626.8603515625
5608.49560546875
5973.42724609375
5542.33349609375
5682.3916015625
5723.78173828125
5377.6376953125
6458.99365234375
5270.71826171875
6363.6015625
6593.40966796875
5460.0146484375
5921.77978515625
6331.029296875
6080.2216796875
5842.24853515625
5782.9814453125
5720.4453125
5779.86962890625
5514.74072265625
5912.74267578125
6961.3271484375
6360.275390625
5968.2646484375
5893.7841796875
5553.07421875
6388.71533203125
6497.93115234375
5481.92822265625
5609.31884765625
6058.1796875
5469.20556640625
5778.6474609375
6513.47900390625
5648.5009765625
5422.1796875
6524.50341796875
5852.53173828125
5972.505859375
6000.658203125
6218.20263671875
5421.18505859375
5862.0283203125
6351.162109375
5493.2451171875
5616.07080078125
5645.5810546875
6270.18896484375
6051.2158203125
6288.90576171875
6379.90625
5675.380859375
5789.75830078125
6540.97900390625
5761.65087890625
6102.59228515625
5553.26708984375
5541.0205078125
6129.12109375
5143.1708984375
5758.92578125
6718.4072265625
6016.4306640625
6169.24462890625
5908.45751953125
5516.76708984375
6232.03515625
5727.318359375
6368.5712890625
6457.56396484375
6175.3212890625
5966.22216796875
5909.40576171875
5908.134765625
5375.25537109375
5831.70166015625
5952.0185546875
5939.28759765625
6043.5732421875
5658.9658203125
5625.357421875
5463.84423828125
5842.11474609375
5691.97509765625
6004.865234375
5847.150390625
5608.71435546875
5745.3251953125
5394.49951171875
5622.28857421875
6242.54052734375
6030.41455078125
6024.9697265625
6421.60302734375
5452.57373046875
5599.017578125
6684.3818359375
6158.4619140625
5967.7080078125
5279.7197265625
6323.1435546875
6725.21337890625
5636.96142578125
5873.6025390625
5976.90576171875
5803.7392578125
5587.25439453125
5958.3076171875
5901.21875
5491.8466796875
6338.12353515625
6537.91162109375
5562.85009765625
5583.2587890625
5775.408203125
6042.1748046875
5502.42626953125
5097.2412109375
5975.2900390625
5683.8544921875
6588.64599609375
5766.8681640625
6379.279296875
5912.8701171875
5312.35791015625
5209.8623046875
5848.19287109375
6252.20068359375
6453.27783203125
6162.48779296875
5637.26513671875
6145.5966796875
6167.509765625
4997.29443359375
6221.45263671875
5414.451171875
6205.01416015625
5956.3916015625
5644.69189453125
5964.951171875
6935.15234375
5791.22265625
6188.314453125
6152.1572265625
6080.2783203125
5375.6318359375
5993.14404296875
5831.71728515625
5662.53857421875
5440.54296875
5779.87158203125
6592.95068359375
6246.4482421875
5677.078125
7046.58935546875
6357.35302734375
6172.00244140625
6231.3095703125
5781.4853515625
5683.1484375
5430.64501953125
5794.19775390625
5882.5947265625
6299.56201171875
6649.85400390625
5498.78369140625
5322.55224609375
5897.44189453125
6250.7646484375
6565.13623046875
5200.1044921875
5648.82275390625
6057.1240234375
5088.19873046875
6198.208984375
5887.59814453125
6260.9677734375
5336.94580078125
6051.50634765625
5374.7333984375
5518.2080078125
5918.00634765625
6209.01513671875
6088.26025390625
5129.08056640625
6371.4423828125
5609.859375
6862.61328125
5445.6923828125
5943.662109375
6242.83740234375
6166.4228515625
6180.80322265625
5796.90185546875
5800.3310546875
5479.10302734375
6473.58935546875
6523.78466796875
6605.26171875
5369.36572265625
6951.330078125
6386.6826171875
6899.0703125
6081.9365234375
5756.11279296875
6372.64892578125
6022.12353515625
6307.46044921875
6554.52392578125
6062.22705078125
6210.51123046875
6202.2353515625
6397.83837890625
5610.51513671875
5909.69091796875
6055.689453125
6166.734375
6517.1669921875
6094.18408203125
6361.44189453125
5813.4443359375
5524.4267578125
5737.34033203125
6054.095703125
5822.3466796875
6110.4150390625
6213.60986328125
5612.4716796875
6432.66015625
6000.72705078125
6587.44189453125
5534.89111328125
5835.31787109375
6420.31396484375
6199.404296875
6392.29833984375
5875.32763671875
5433.92529296875
5529.85595703125
6060.65478515625
5933.59814453125
5643.58203125
5666.5673828125
6676.62841796875
5872.99609375
5922.04541015625
6226.18603515625
5558.515625
6166.02587890625
6156.59326171875
5644.3017578125
6398.94384765625
5778.0693359375
5903.69384765625
5865.775390625
6251.7294921875
5968.228515625
5996.24609375
6207.1298828125
5591.06298828125
5688.7001953125
6230.8056640625
5614.53466796875
5890.38623046875
6140.60546875
6000.22314453125
6044.576171875
6048.1689453125
5431.6669921875
5551.4423828125
6129.81103515625
6411.95361328125
5865.25537109375
5694.150390625
5595.1552734375
5538.7451171875
6202.74462890625
5816.35302734375
6721.06396484375
5833.25244140625
6145.84716796875
5620.8623046875
5421.8935546875
5867.39111328125
5775.296875
5405.041015625
5941.986328125
5713.080078125
5129.95556640625
5532.13671875
6569.33251953125
5609.85791015625
5186.20263671875
5943.3818359375
6591.60400390625
5896.71923828125
5495.18701171875
5999.55029296875
5369.10693359375
5799.478515625
6761.60107421875
6105.59375
5415.84765625
5935.68701171875
6389.486328125
6006.9296875
5998.38134765625
5333.76171875
5873.88134765625
6264.56640625
5894.04296875
5944.4814453125
5241.759765625
6173.98095703125
5690.9072265625
5740.498046875
5634.20947265625
6042.4150390625
6050.22607421875
5958.93359375
5709.3359375
5898.494140625
5265.59716796875
5750.97607421875
5822.0869140625
6141.328125
5584.72216796875
6425.998046875
5263.59375
5647.86669921875
5283.75146484375
5625.36865234375
6124.9619140625
5774.3740234375
5612.64599609375
5623.49169921875
6172.69482421875
5680.50390625
5724.3916015625
5973.72314453125
5733.39208984375
5538.009765625
5958.4970703125
6129.49951171875
5441.02587890625
5464.9287109375
5752.7421875
5802.4091796875
6195.35302734375
5750.9033203125
5801.220703125
5349.5869140625
5843.60009765625
5767.4296875
5400.37060546875
6583.12109375
5834.7861328125
5944.6904296875
5576.69287109375
5539.51220703125
5254.0888671875
6363.65966796875
5100.9541015625
6616.1591796875
5137.8740234375
5616.6640625
5235.68115234375
5372.439453125
5586.884765625
6329.57666015625
5790.400390625
5615.3681640625
6148.02294921875
5375.296875
5525.3857421875
6589.87353515625
5984.7158203125
6279.08056640625
6218.697265625
6567.46923828125
5549.62158203125
6342.57763671875
6016.39697265625
5567.03369140625
6266.3154296875
6289.3818359375
6312.271484375
6059.3427734375
6209.11572265625
6067.09814453125
5534.27197265625
5410.07421875
5579.02294921875
5401.4228515625
5706.1953125
5543.41650390625
5871.75927734375
5896.7666015625
5936.05615234375
5684.60693359375
6047.0380859375
5996.0283203125
6246.560546875
5616.23046875
6072.5859375
5607.1650390625
5593.6865234375
6234.607421875
6051.28857421875
5221.60986328125
6280.66064453125
6053.21240234375
5912.74658203125
5790.5703125
5903.166015625
6154.85107421875
6137.49267578125
5610.02490234375
6057.080078125
5578.89599609375
5985.86865234375
5509.74169921875
5770.55712890625
5667.00634765625
5467.52197265625
5758.6962890625
6128.99609375
5418.6015625
5826.28173828125
5268.4892578125
6255.21484375
5446.87890625
5461.60400390625
5578.92333984375
5060.28369140625
6450.74560546875
6242.4072265625
5491.01171875
5711.068359375
6168.380859375
5555.880859375
5425.29638671875
5778.60009765625
5823.40869140625
5207.26123046875
5702.73388671875
5654.94287109375
5574.8525390625
6091.853515625
5782.81201171875
6002.44677734375
5930.94775390625
5348.45458984375
5692.12548828125
5476.8125
6186.7373046875
6086.0625
6113.64404296875
6297.91845703125
6194.0791015625
6241.03564453125
6603.23291015625
6010.767578125
5912.69677734375
5602.5078125
5760.75830078125
5708.53515625
5750.4189453125
6544.18359375
5907.9306640625
5339.11865234375
5569.77783203125
5514.5576171875
6043.41259765625
6524.50244140625
6475.8623046875
5534.82763671875
6210.1181640625
5455.6875
5782.42724609375
6036.1171875
5872.64111328125
5418.01953125
6209.1181640625
6145.603515625
5233.97607421875
5613.4365234375
6015.75732421875
5838.8232421875
6058.87841796875
5894.35205078125
5438.2607421875
6274.59033203125
6520.89306640625
5820.1337890625
5665.4814453125
6234.78173828125
5850.76953125
5969.0498046875
6097.58935546875
6022.53662109375
5864.08544921875
5886.2275390625
5968.814453125
5614.40283203125
5382.92333984375
6127.00341796875
5603.7021484375
6387.35888671875
5628.2724609375
5267.103515625
6251.2119140625
5694.458984375
5930.640625
6152.75439453125
6437.44921875
5888.5283203125
5503.79052734375
6349.59033203125
5345.4208984375
6042.404296875
5473.54736328125
5486.9267578125
5376.2763671875
6361.4248046875
5493.56396484375
5946.20068359375
5665.833984375
5673.515625
5471.54052734375
5709.599609375
5437.10498046875
5412.0185546875
5598.01611328125
5997.9609375
5579.89453125
5336.59619140625
6005.578125
5512.4404296875
6317.20068359375
5802.93896484375
5531.29248046875
5776.89990234375
5373.66796875
6021.9375
6264.9833984375
6012.544921875
5451.595703125
5801.35400390625
5573.9130859375
6416.380859375
5493.7548828125
5620.85498046875
5498.0224609375
5708.974609375
6303.236328125
5837.6943359375
6188.0546875
6138.560546875
5988.11962890625
5434.75927734375
5824.421875
5732.30029296875
5953.84912109375
5650.31640625
5743.916015625
5298.93359375
5688.826171875
5654.705078125
5641.12158203125
5878.4248046875
5820.78955078125
6282.66943359375
6917.98291015625
6009.4169921875
5880.54638671875
6312.11181640625
5603.65380859375
5410.13916015625
5818.02001953125
5782.94482421875
5778.548828125
6391.8623046875
5132.4833984375
5526.61962890625
5897.0830078125
5912.1640625
6111.984375
6245.04296875
5005.4287109375
6078.28125
5466.2861328125
5595.88037109375
6073.1748046875
5627.63525390625
6520.17529296875
5289.228515625
6183.64111328125
6724.22216796875
6091.806640625
5575.2587890625
6612.48486328125
6403.51416015625
6100.30078125
6044.55712890625
6172.576171875
6337.56103515625
5548.29638671875
5698.634765625
5500.310546875
6313.06884765625
5660.013671875
5925.61328125
6082.09716796875
5573.50341796875
5808.794921875
5616.82763671875
5479.04638671875
5777.89404296875
5251.19140625
5661.7802734375
5919.3544921875
6035.0009765625
5281.7021484375
5274.4130859375
5803.2919921875
5385.66259765625
5503.4853515625
6171.4287109375
5979.71484375
5833.88818359375
5176.849609375
5816.8662109375
5909.99658203125
5271.47265625
6371.3125
5882.57763671875
5802.55126953125
5917.5517578125
6042.7646484375
5701.80224609375
5619.84521484375
6280.69921875
5816.9150390625
5541.07568359375
6005.6435546875
6013.49853515625
5733.67333984375
5518.0654296875
5553.15478515625
5211.2685546875
6272.0400390625
5114.75048828125
5405.79345703125
5530.97119140625
5454.14404296875
5594.021484375
5210.92138671875
6245.001953125
5942.943359375
5803.271484375
5348.9365234375
6084.19970703125
5810.38671875
5736.43603515625
5837.294921875
5854.55517578125
5033.0400390625
5708.6513671875
5815.74951171875
6529.7578125
5362.625
5332.25830078125
5373.85009765625
6203.35791015625
5597.96044921875
5120.02294921875
5895.50341796875
6535.82666015625
5378.16064453125
5497.4267578125
4890.23095703125
5981.890625
6420.78369140625
5886.126953125
6076.685546875
5712.97705078125
5469.1884765625
5396.34521484375
5357.70947265625
5675.6513671875
5585.3525390625
5107.5908203125
5203.013671875
5725.5029296875
5744.13134765625
5695.36474609375
5165.91552734375
6076.31201171875
5321.13671875
5899.392578125
5897.08154296875
5809.56591796875
5652.88427734375
5288.5087890625
5852.29150390625
5562.78125
5486.9208984375
5864.8798828125
5626.5791015625
6113.8896484375
5220.064453125
5767.5224609375
5056.10888671875
5927.04345703125
5645.1806640625
5686.513671875
5160.47705078125
5477.83056640625
5817.73095703125
6234.62939453125
5413.2939453125
5580.11181640625
5310.68115234375
5478.875
6402.3623046875
5531.021484375
5729.1181640625
5578.66552734375
5685.8544921875
5302.49267578125
6123.21875
6288.04638671875
5433.38427734375
5836.38623046875
5462.9521484375
5355.74755859375
5441.8623046875
6010.99560546875
5796.58984375
5805.5830078125
6073.65234375
5886.62109375
5995.20263671875
5149.10302734375
5628.37158203125
5880.29345703125
6192.666015625
5877.84716796875
6273.078125
5898.12744140625
5607.8447265625
5750.51953125
5175.71533203125
5983.83154296875
6041.21484375
5554.7509765625
5726.646484375
5147.59375
5564.0361328125
5704.576171875
5547.541015625
5505.30029296875
6205.8486328125
5873.8701171875
6112.91650390625
4976.57763671875
5203.10400390625
5860.896484375
6144.48779296875
5097.49462890625
5564.2568359375
6027.58349609375
5020.580078125
6511.1376953125
5900.29443359375
6270.3125
5321.89794921875
5816.63134765625
5397.43408203125
5641.00927734375
5929.7275390625
5581.47314453125
5580.626953125
5812.8701171875
5176.39013671875
6432.8681640625
5221.974609375
5798.29638671875
6055.162109375
5539.90869140625
6013.08154296875
5408.6533203125
5108.65478515625
6044.626953125
5668.8701171875
5922.0068359375
5950.17333984375
5480.421875
5624.7626953125
5510.091796875
5334.28076171875
5593.91064453125
5495.56494140625
6184.69384765625
5424.12451171875
6010.7529296875
5228.697265625
5250.2548828125
5489.95751953125
5153.55615234375
7091.85107421875
6143.71533203125
5279.66259765625
5765.08935546875
5276.3095703125
5145.3857421875
5217.18408203125
5786.7197265625
5270.5302734375
5798.22314453125
5393.509765625
6060.53271484375
5292.03955078125
5207.34375
6222.283203125
5979.3359375
6137.47900390625
5665.544921875
5912.3076171875
6180.1953125
5649.3017578125
5790.95556640625
5282.06787109375
5531.048828125
5712.29833984375
6007.56787109375
5494.5126953125
5801.16552734375
5740.96435546875
5426.48974609375
5504.8564453125
6292.46435546875
5734.59716796875
5862.64453125
5948.54345703125
5466.60302734375
5182.482421875
5877.12646484375
5856.81640625
5356.42138671875
5263.35107421875
5115.0703125
5485.66259765625
5442.11767578125
5694.40087890625
6018.03125
5284.53759765625
5809.01513671875
5977.32421875
5189.8544921875
5611.68798828125
6009.134765625
5021.85400390625
5812.4130859375
5625.73974609375
5495.25244140625
5884.1015625
5266.2080078125
4961.45751953125
5421.75634765625
5619.62890625
5451.79052734375
5441.81396484375
5555.5498046875
5417.615234375
5370.4345703125
5753.025390625
5467.89599609375
5648.99658203125
6060.61181640625
5616.779296875
5490.02490234375
5861.69873046875
5295.07177734375
5144.4306640625
5552.6142578125
5160.4716796875
5797.0537109375
5703.55908203125
5357.1708984375
5239.94921875
5055.796875
5769.62890625
5646.46826171875
5652.06884765625
5587.7216796875
5344.4267578125
5798.20751953125
5376.16455078125
5248.37353515625
5785.240234375
5619.81640625
5658.1513671875
6334.36669921875
5841.09619140625
5276.55126953125
5801.880859375
5505.52880859375
5260.95361328125
5208.7431640625
5924.41259765625
5656.0791015625
5727.74951171875
5596.921875
5885.68505859375
5832.89892578125
5458.01220703125
5169.86474609375
5582.31494140625
5481.21826171875
5636.1650390625
5346.63232421875
5357.2900390625
5042.27685546875
6089.66552734375
5929.96826171875
5757.587890625
5756.4296875
5843.2890625
6476.38818359375
5246.4248046875
5580.6123046875
5305.7490234375
5908.39990234375
5777.248046875
5798.9521484375
5764.5693359375
5037.54443359375
5029.7509765625
5293.6328125
6399.65576171875
5498.26416015625
5066.92333984375
5909.990234375
5592.7099609375
6187.6962890625
5435.93359375
5881.7666015625
5619.39453125
5330.1787109375
6495.287109375
6184.2802734375
6065.55126953125
5561.43603515625
5783.94287109375
6533.00439453125
5351.44140625
5679.7412109375
5817.79150390625
5547.54833984375
5462.46240234375
5745.00732421875
5503.30029296875
5234.97119140625
5530.48974609375
5853.7783203125
5806.4619140625
5264.5087890625
5620.00390625
6039.77587890625
6793.5615234375
5589.7080078125
5654.09521484375
5896.77294921875
5396.5439453125
5934.2138671875
5704.7265625
5305.982421875
5079.63720703125
6154.2236328125
5636.3203125
6324.34228515625
5820.703125
5162.1357421875
5423.0166015625
6067.22119140625
5455.421875
5513.21728515625
5505.01953125
5577.80078125
5985.123046875
5889.474609375
6064.21728515625
5703.91455078125
5440.55029296875
5656.12451171875
5613.474609375
5361.10302734375
5883.2890625
5813.7275390625
5647.087890625
5964.037109375
5583.89892578125
5917.44970703125
5774.935546875
6036.62841796875
5892.708984375
5372.96044921875
6473.0888671875
5809.8056640625
5582.12548828125
5929.24072265625
5978.38427734375
5960.35595703125
5649.6611328125
5466.921875
6045.88916015625
5296.2451171875
5752.34033203125
5662.70263671875
5871.25439453125
5772.447265625
5492.83984375
4885.1259765625
6100.44921875
6129.99462890625
6273.9287109375
5523.0703125
6093.92431640625
6326.09375
6243.16357421875
5747.37939453125
5157.0615234375
5290.603515625
5191.90771484375
5322.47412109375
5662.080078125
5376.92822265625
5543.31884765625
5115.82080078125
5455.74169921875
5979.85546875
6071.00732421875
5728.1787109375
5687.3857421875
5329.52978515625
5801.4765625
5120.78125
5519.25390625
5253.08203125
5577.74853515625
5137.115234375
5665.26904296875
5596.59716796875
5577.16259765625
5964.908203125
6165.30712890625
5567.8662109375
5714.23046875
5726.91064453125
5176.240234375
5477.921875
5687.103515625
5896.90185546875
5347.34912109375
5797.6328125
5506.486328125
5594.80712890625
5622.5830078125
5025.5673828125
5516.0966796875
4838.685546875
5262.98486328125
5749.2119140625
5728.1884765625
5600.521484375
5259.9404296875
5726.6884765625
6032.6708984375
5342.80712890625
5418.76025390625
5652.01708984375
5622.98974609375
5151.45703125
4932.7939453125
5337.9130859375
6070.16748046875
6386.49755859375
5451.6376953125
5480.20166015625
4789.72265625
5194.5849609375
5505.54248046875
5224.6962890625
5137.619140625
6152.87890625
5198.81494140625
5555.70166015625
5918.68701171875
5481.62890625
5101.95458984375
5284.6904296875
6285.49609375
5980.01171875
6080.4794921875
5343.99267578125
5480.37890625
5415.6298828125
5558.8564453125
4892.9921875
5219.78759765625
5163.7509765625
5368.9453125
5441.20458984375
5136.47119140625
5951.4072265625
5455.99755859375
5220.52734375
5351.9296875
5548.6904296875
6215.60498046875
4408.4580078125
5632.41357421875
5655.296875
4660.0625
6140.93017578125
4766.8134765625
5869.0908203125
4965.51171875
5231.04296875
6151.43115234375
5658.99951171875
5319.18701171875
5808.7109375
5862.935546875
5596.5048828125
5520.7275390625
5262.9208984375
5929.8408203125
5711.3232421875
4951.10986328125
4719.310546875
5255.970703125
4441.322265625
4960.115234375
5216.12646484375
4927.49072265625
6447.638671875
5076.033203125
5248.4912109375
5353.521484375
5107.6650390625
5427.10595703125
5266.3681640625
5527.1474609375
5444.57177734375
5344.34619140625
5317.751953125
5681.826171875
5621.43798828125
5726.86083984375
5610.50439453125
6353.05126953125
5580.42431640625
6058.1025390625
5179.74365234375
5579.11474609375
6242.94921875
5626.521484375
5554.94677734375
6016.54443359375
5785.19921875
5417.93359375
5110.54638671875
5389.51416015625
5710.130859375
6651.2626953125
5910.04638671875
5054.1923828125
5357.634765625
5735.1962890625
5202.10791015625
5897.537109375
4765.81640625
5931.64892578125
5426.4619140625
5561.525390625
5419.4951171875
5731.060546875
5301.0576171875
4598.6513671875
5310.30029296875
4999.26318359375
6030.13330078125
6016.91748046875
5304.1611328125
5373.33984375
5384.455078125
5689.1494140625
6040.31640625
5313.22021484375
5781.1787109375
5251.93359375
4076.781005859375
6010.6240234375
5035.50146484375
5059.416015625
4653.07763671875
4980.73095703125
5123.66796875
5575.46484375
4874.05224609375
6176.79150390625
5434.78515625
5519.14111328125
4665.72412109375
5996.8310546875
5791.59716796875
5724.58984375
4765.482421875
5678.841796875
4861.169921875
5533.4951171875
5441.3671875
5591.0244140625
5825.95068359375
5705.68310546875
5556.20751953125
5220.994140625
5421.81591796875
5343.240234375
5346.06494140625
5670.93701171875
4912.4306640625
5520.66796875
5025.36865234375
5581.3173828125
5293.97705078125
5541.7080078125
5329.82421875
4948.36083984375
5610.275390625
5912.34375
5543.427734375
4696.64892578125
5093.4326171875
5343.1015625
5611.28759765625
5454.47900390625
5520.20263671875
4716.34423828125
5332.900390625
4989.40380859375
4997.5947265625
5473.9921875
4326.310546875
5845.1787109375
5484.4169921875
4883.84521484375
6187.38134765625
4660.4658203125
5536.25341796875
5790.228515625
5519.8642578125
5041.478515625
4680.1328125
5767.912109375
4710.78955078125
4658.09326171875
5274.6767578125
4757.6162109375
5193.51318359375
5640.15185546875
4906.20751953125
5247.24560546875
5587.1416015625
4764.40869140625
5784.494140625
4771.35498046875
5346.19580078125
5269.8056640625
4836.69970703125
4539.888671875
5797.1865234375
5449.10791015625
4922.212890625
5175.26171875
4813.5048828125
4873.22216796875
4894.6796875
5614.4677734375
4815.046875
4894.76611328125
5352.92236328125
5125.12353515625
3941.3798828125
5497.83544921875
4999.96826171875
5008.6982421875
5444.76904296875
4893.11279296875
4568.08349609375
5097.2958984375
5876.634765625
4602.16845703125
4895.86376953125
5779.56591796875
4783.92578125
5201.93212890625
5845.5625
5152.52392578125
4934.99365234375
5599.53515625
5871.8515625
5165.64599609375
5006.0078125
5363.669921875
5382.4677734375
5114.291015625
5130.560546875
5380.3095703125
5292.02490234375
5185.2451171875
5279.017578125
5141.74658203125
5364.82666015625
5464.76416015625
5846.814453125
5438.080078125
5125.25244140625
4830.68701171875
5119.482421875
4747.833984375
5123.32568359375
4316.85693359375
5380.6328125
4981.09765625
4879.009765625
5320.1943359375
5273.41943359375
5587.3427734375
5074.6201171875
5339.4296875
5433.30810546875
6054.8232421875
4804.0576171875
5132.908203125
5256.10986328125
5015.92626953125
5336.103515625
5537.3671875
5864.37158203125
5412.93798828125
5251.42333984375
5674.16552734375
4668.55615234375
4930.9482421875
5338.6572265625
4983.6416015625
4747.9560546875
5172.7255859375
5381.3798828125
5753.22900390625
4947.6630859375
5010.556640625
5614.94287109375
5404.3759765625
5615.8740234375
5577.29345703125
4368.95458984375
5264.189453125
5645.65625
4862.478515625
5069.4482421875
5439.6552734375
4914.69677734375
5595.34130859375
5592.18798828125
5295.58984375
4896.47412109375
5181.4765625
5248.2431640625
5126.9375
5373.12158203125
5743.0869140625
4835.91162109375
4502.18408203125
5494.66845703125
5058.84326171875
5443.6943359375
5606.2529296875
5094.798828125
5533.42529296875
5304.5888671875
5050.16748046875
5185.2490234375
5312.22705078125
5359.234375
5168.4482421875
5126.5673828125
5471.41650390625
4737.10009765625
4436.6015625
4836.76220703125
5091.7021484375
5051.8671875
5356.802734375
5205.22216796875
5106.56494140625
5137.92529296875
4857.7822265625
4875.978515625
5798.111328125
5499.37109375
5348.31298828125
5212.4267578125
5343.52392578125
5130.2412109375
5064.3427734375
5378.43701171875
5236.72900390625
5335.7431640625
5602.93408203125
5256.7373046875
5178.6513671875
5060.1416015625
5225.36962890625
5074.5078125
4698.53857421875
5497.71630859375
5281.78125
5316.43212890625
5171.7314453125
5436.15283203125
4986.5009765625
4973.03076171875
5337.71337890625
5330.3388671875
5017.72509765625
4818.888671875
5132.85302734375
5189.8388671875
5479.69189453125
5528.5771484375
5057.1513671875
5132.7138671875
4947.78955078125
4615.92138671875
5592.63623046875
5301.70947265625
4467.68115234375
4634.4599609375
5992.326171875
5373.72119140625
4770.7802734375
4970.65673828125
5043.3076171875
5604.96630859375
4830.296875
4878.80517578125
5278.26904296875
5497.521484375
5388.7353515625
5131.03515625
5307.2734375
5156.2333984375
5342.1123046875
5288.85498046875
5767.72314453125
5109.466796875
5377.05615234375
5211.84814453125
5579.26611328125
5303.57666015625
5717.857421875
5382.29052734375
4789.58837890625
5110.29443359375
5199.9091796875
4841.072265625
5195.30322265625
5181.333984375
4550.47314453125
5606.64599609375
4887.77587890625
5366.37158203125
5415.5390625
5149.541015625
5087.765625
4755.2177734375
4389.794921875
5728.94873046875
5294.7958984375
5323.6982421875
4970.18603515625
4748.6552734375
5460.97607421875
6011.546875
5420.685546875
5257.498046875
5389.87109375
5128.4609375
5712.14990234375
5221.13330078125
4785.1728515625
5451.17822265625
5389.763671875
4904.96533203125
4905.431640625
5866.333984375
4999.9365234375
5332.66552734375
5192.9765625
5557.33935546875
5780.2392578125
4966.85693359375
5431.3994140625
5745.5859375
5331.41845703125
5274.57568359375
5735.05615234375
5345.93115234375
5361.6806640625
5503.4638671875
5647.1865234375
5399.54052734375
4695.8603515625
5173.12353515625
5414.4482421875
5786.3935546875
5075.95849609375
5440.02099609375
5227.00146484375
5371.4453125
5699.08251953125
5897.07763671875
4974.76806640625
5573.6611328125
5309.21337890625
5319.26806640625
5591.5244140625
5246.04638671875
5732.3095703125
5431.10888671875
5627.13232421875
5354.22998046875
5070.97119140625
5333.955078125
5420.18603515625
5318.9521484375
4878.4716796875
5655.95703125
4919.50244140625
5117.41357421875
5340.57568359375
5223.65234375
4935.10546875
5606.29150390625
4939.96484375
5035.3427734375
5407.6484375
5461.16650390625
5068.12548828125
5825.7880859375
4720.3984375
5248.0703125
5137.01806640625
5805.68994140625
5140.87646484375
5905.302734375
5604.7470703125
5345.63623046875
5048.2763671875
5406.169921875
5395.4345703125
5888.50244140625
5428.50732421875
5616.9345703125
4893.3212890625
5629.357421875
5252.705078125
5758.212890625
4972.06640625
5487.275390625
5854.83544921875
4919.42822265625
5031.48974609375
6043.587890625
5672.380859375
5037.6591796875
5063.7783203125
5214.52685546875
5003.80224609375
5756.28369140625
5084.404296875
4867.57177734375
5432.9404296875
5487.71337890625
5400.2001953125
5208.29345703125
4942.9091796875
5100.2919921875
5882.84375
5276.16650390625
4962.4931640625
5035.5966796875
4946.69140625
5866.78759765625
5317.265625
5049.548828125
5144.74658203125
5098.509765625
5727.3583984375
5255.1005859375
5375.65966796875
5628.396484375
5426.21533203125
5166.3857421875
6208.80126953125
5476.06201171875
5440.3603515625
5480.44873046875
5113.52001953125
5797.98193359375
5208.88623046875
5456.30517578125
5167.58203125
5411.8291015625
4876.54833984375
5679.21826171875
5471.2744140625
5280.7666015625
5637.005859375
5053.66796875
5409.14111328125
4947.65673828125
5661.0078125
5566.13720703125
5624.38818359375
5113.9462890625
5866.7060546875
5423.20849609375
5313.91650390625
5386.12451171875
5154.26904296875
6130.287109375
5009.3828125
5470.544921875
5526.12353515625
5020.08984375
5190.927734375
5552.83251953125
5124.00341796875
5392.826171875
5302.29052734375
4940.6748046875
5256.19482421875
4924.2607421875
5423.162109375
5335.59033203125
5097.23974609375
5370.8505859375
5588.2724609375
5212.8330078125
5201.38671875
5084.6162109375
6234.45068359375
5341.55810546875
5572.54248046875
5180.89501953125
5278.5810546875
4997.359375
5744.611328125
5475.5439453125
5599.484375
5316.39892578125
5043.3583984375
5263.92529296875
4589.822265625
5212.7255859375
5056.87158203125
5632.16748046875
4948.5087890625
5291.00439453125
4814.314453125
5542.3779296875
5394.56640625
6041.779296875
5743.82373046875
5501.08203125
5611.05419921875
5502.224609375
4974.56494140625
5621.3388671875
5873.9228515625
5373.83935546875
5351.61669921875
5447.5859375
5360.22265625
4769.7431640625
4566.6240234375
5609.3701171875
4921.12451171875
4607.61669921875
5240.46484375
5733.5419921875
5323.0654296875
5106.94140625
5127.42919921875
5922.005859375
5883.962890625
5186.15087890625
5363.3662109375
5859.5751953125
5086.9892578125
5348.18994140625
5279.001953125
5409.87646484375
5149.0546875
5708.33203125
4982.7998046875
5369.06103515625
5901.83984375
5165.234375
5767.44189453125
5170.9716796875
5226.10693359375
5154.91748046875
4993.5693359375
5015.59033203125
5605.017578125
5459.2919921875
5116.14306640625
4946.11572265625
5140.1005859375
5643.86328125
5404.62841796875
4761.95068359375
5292.951171875
5113.3134765625
5037.47021484375
5585.681640625
5284.6845703125
5758.140625
5850.470703125
5432.4619140625
5060.931640625
4937.8134765625
4923.60888671875
5347.6435546875
5231.05029296875
5313.1904296875
5521.5361328125
5361.41455078125
4658.48876953125
5176.0439453125
5342.70263671875
5383.6015625
4893.59423828125
4691.06201171875
4857.8017578125
5098.7548828125
5252.89453125
5253.37841796875
5263.98828125
4769.09716796875
5031.046875
5291.31787109375
5598.9189453125
5048.35693359375
5295.4423828125
4722.82373046875
4967.55126953125
5600.1708984375
4915.1162109375
5724.4033203125
5070.158203125
5346.06640625
5632.06982421875
4671.43017578125
5185.07958984375
5550.830078125
5385.22119140625
5341.26953125
5178.96728515625
5361.04150390625
4747.73388671875
5367.7041015625
5586.46044921875
5373.5673828125
5059.4794921875
4968.36865234375
4948.28173828125
5105.84619140625
5758.1708984375
5181.67431640625
5855.8505859375
5361.94580078125
5647.56396484375
5529.4306640625
5053.5849609375
5348.26171875
5092.802734375
6121.26123046875
5368.7373046875
5279.6337890625
5440.33154296875
5164.72119140625
5021.1328125
5357.6943359375
5694.1787109375
5210.53125
5892.1787109375
5169.052734375
5085.88134765625
5269.1669921875
4751.18701171875
5245.9873046875
4922.5859375
4956.8681640625
5000.15576171875
4945.642578125
5646.791015625
5609.68115234375
5632.28857421875
4636.11328125
5475.70947265625
4679.521484375
5239.05126953125
5121.4541015625
5551.810546875
4904.787109375
5167.6142578125
5145.78515625
5434.2353515625
4792.66748046875
5833.1328125
5323.75439453125
4774.33056640625
5234.91357421875
5572.0546875
5258.51171875
5068.41943359375
4919.376953125
4919.6376953125
5133.6181640625
5531.0859375
4978.609375
5034.16162109375
5373.6708984375
5034.4716796875
5447.8779296875
5366.42724609375
5774.2685546875
5531.48193359375
5670.03076171875
4999.9814453125
5678.99169921875
5286.861328125
5039.5078125
4940.27734375
5102.11572265625
5527.67822265625
5075.5771484375
5040.83935546875
5625.1318359375
5129.0078125
5260.7060546875
5176.96435546875
5225.162109375
5675.08984375
5305.63037109375
4779.1728515625
5191.8017578125
5171.59326171875
5358.29736328125
5192.0869140625
5313.1298828125
5316.2939453125
5478.74072265625
5583.11669921875
5043.109375
4652.40771484375
5495.02978515625
5383.1962890625
5290.37451171875
5651.21923828125
5531.34716796875
5131.3212890625
5185.95654296875
5149.962890625
5029.615234375
5920.80908203125
5157.091796875
5842.171875
4778.6083984375
5259.97119140625
5185.1708984375
5135.541015625
5977.33544921875
4666.77294921875
5341.80029296875
4966.353515625
4756.24267578125
5134.689453125
5508.75439453125
5207.79541015625
5674.94189453125
5366.3203125
5467.673828125
4953.28076171875
4863.2451171875
4990.359375
5420.333984375
5254.046875
5338.48779296875
5090.93896484375
5125.603515625
5348.814453125
4850.091796875
4968.33984375
5214.00732421875
5355.76904296875
5270.50341796875
5193.3212890625
4397.76123046875
5137.58203125
5077.45556640625
5448.95947265625
4825.79052734375
4982.84912109375
5675.0380859375
5334.0126953125
5052.66064453125
5719.57275390625
5203.36572265625
5442.23388671875
4587.796875
5505.36083984375
4716.34619140625
5748.67529296875
5578.0126953125
5212.0439453125
5166.1728515625
5083.18896484375
5239.3408203125
5111.0673828125
4887.65625
6103.046875
5752.97314453125
5546.5732421875
5225.84130859375
5168.34130859375
4787.748046875
5747.2841796875
5124.634765625
4847.2705078125
5541.20751953125
5669.939453125
5145.1962890625
4777.02734375
4885.9345703125
5028.26708984375
4825.9873046875
5336.73046875
5617.7607421875
5231.3232421875
5338.2900390625
5170.1611328125
5469.09619140625
4784.013671875
5266.3212890625
5499.80078125
5481.92724609375
5163.47998046875
4995.51953125
5034.83984375
4973.9833984375
5551.54736328125
5568.97900390625
5045.86669921875
5088.830078125
5178.62353515625
4843.83447265625
4672.6630859375
5268.68701171875
5595.486328125
5211.0732421875
5585.365234375
5012.1796875
4935.18505859375
4986.92919921875
5319.1298828125
4934.11474609375
5198.70703125
4958.1337890625
5675.51171875
5232.34033203125
4817.76953125
5002.72900390625
5041.6337890625
5714.43701171875
5124.4912109375
4526.9365234375
5129.6025390625
4880.29248046875
5129.1650390625
4931.39892578125
5241.72705078125
5647.33935546875
5689.3173828125
5007.81494140625
5644.58642578125
5273.13525390625
5108.3974609375
4761.03759765625
5125.8076171875
5173.94970703125
4686.01123046875
5163.00390625
4631.328125
5516.08154296875
4987.78271484375
5242.1396484375
5024.71630859375
5142.26953125
5168.8759765625
5084.6171875
5150.345703125
5434.71337890625
4968.61865234375
5666.77197265625
5359.89111328125
4978.6748046875
4977.591796875
5039.54296875
5050.22216796875
4673.583984375
4784.9521484375
5215.60107421875
5117.49072265625
5317.923828125
5372.81201171875
5119.67626953125
5175.65283203125
5207.83642578125
5371.63623046875
4560.08544921875
5306.02783203125
5374.62255859375
5208.99169921875
5059.0185546875
5277.0185546875
5141.76513671875
5040.2607421875
4925.10546875
5535.6630859375
4930.5947265625
4728.47802734375
4827.0849609375
5073.4375
5614.8740234375
5493.20263671875
5623.5439453125
5279.36181640625
5606.55615234375
5348.5712890625
4979.0439453125
5245.9482421875
5578.08203125
5322.67041015625
5126.2734375
5256.248046875
6018.39501953125
5219.33544921875
5231.0380859375
5012.0126953125
5395.25
4921.4716796875
5224.59619140625
4906.61181640625
5521.470703125
5426.91943359375
4848.67431640625
4336.0380859375
4901.1416015625
4966.43798828125
5967.93359375
5214.26953125
4797.6708984375
5734.62548828125
4716.212890625
4645.083984375
4994.65478515625
5142.140625
4787.8251953125
5382.88818359375
5296.26953125
4638.3349609375
4863.21044921875
5597.12109375
4602.87939453125
4694.732421875
4967.11279296875
5109.16455078125
5145.9794921875
5411.9013671875
4751.40234375
5929.44921875
5471.447265625
4649.18505859375
4893.275390625
5119.54541015625
4931.87548828125
4752.35107421875
5256.20361328125
5417.244140625
4258.328125
5078.060546875
4971.7060546875
4901.5322265625
5569.779296875
4955.9013671875
4506.6552734375
4765.86767578125
4848.4638671875
5222.01123046875
4822.4462890625
5226.40576171875
5333.66064453125
4539.9111328125
5022.6455078125
4940.33251953125
5320.30810546875
5035.31201171875
5055.9833984375
5267.15234375
4746.3798828125
4847.9970703125
5339.087890625
5092.83740234375
5737.44677734375
4536.4912109375
5721.55224609375
4610.01123046875
4685.00732421875
5254.82666015625
4453.90185546875
4812.5908203125
5148.041015625
5096.80517578125
5779.4658203125
5927.7744140625
6088.8388671875
5561.34765625
5090.3662109375
5264.81494140625
4718.49267578125
5263.4287109375
4981.142578125
4669.02685546875
5240.068359375
5214.3798828125
4843.9853515625
4953.7685546875
5100.54736328125
4923.95361328125
5567.78564453125
4880.23388671875
5652.8056640625
5480.80908203125
5678.849609375
4844.66455078125
4530.970703125
5283.54736328125
5222.55908203125
4764.04931640625
5619.99853515625
4530.8564453125
5594.8759765625
5632.802734375
5560.8671875
5253.185546875
4927.57275390625
5371.8701171875
5223.33544921875
5049.2802734375
4605.84912109375
5224.15380859375
5744.7099609375
4426.4609375
4986.22314453125
4877.4189453125
5601.60595703125
4816.6806640625
4808.43701171875
4918.57568359375
5481.23046875
5400.6953125
5321.3310546875
5067.85498046875
5435.068359375
5487.7900390625
5720.8955078125
5003.69091796875
5422.0185546875
5186.3818359375
5070.28369140625
4865.7734375
5011.51220703125
5390.708984375
5202.4873046875
5061.3564453125
5661.3876953125
5295.1240234375
5261.05029296875
4950.935546875
5528.3017578125
4720.94091796875
5097.46923828125
5264.9521484375
4929.96728515625
5026.97265625
5184.12548828125
5440.359375
5088.396484375
5674.39306640625
5133.00439453125
5399.02490234375
4805.38671875
5077.89404296875
5429.01123046875
5569.876953125
5239.79443359375
5848.10986328125
5362.6279296875
5165.43798828125
5216.6298828125
5356.70751953125
5164.26904296875
5374.23095703125
5370.68896484375
5284.3447265625
5540.85107421875
5367.5283203125
5331.7509765625
5698.71435546875
5012.662109375
5059.470703125
4793.99609375
5410.8505859375
5302.97119140625
5541.83935546875
5758.220703125
5247.00048828125
5053.05224609375
4490.927734375
5358.89208984375
4900.94873046875
5246.919921875
5564.1591796875
5260.541015625
5276.29248046875
5079.89208984375
5016.22412109375
4951.47998046875
5568.5234375
4766.220703125
5424.19384765625
5460.138671875
5245.1650390625
5501.5234375
5360.81787109375
5252.48779296875
5027.599609375
4821.92333984375
4908.28125
4730.5810546875
5079.38232421875
4839.078125
5538.4375
4545.2705078125
4920.373046875
5480.4375
4874.4013671875
5118.47216796875
5368.82763671875
5213.42236328125
5335.01171875
5278.4697265625
5885.03369140625
5237.5244140625
5529.16796875
4981.876953125
5088.43310546875
5087.3564453125
5462.845703125
5611.46875
5046.138671875
5213.17724609375
5234.392578125
5369.4541015625
5511.01904296875
5379.958984375
5104.09765625
4931.4384765625
5067.70556640625
5263.134765625
5259.44580078125
4771.36328125
4762.81787109375
5748.69677734375
5255.7783203125
5370.8720703125
4911.91943359375
5128.4912109375
4976.93994140625
5192.59326171875
4990.28369140625
4989.4609375
5653.6416015625
4917.119140625
5369.8544921875
5427.3310546875
5405.5380859375
5815.7509765625
5204.4150390625
6003.49609375
5157.40087890625
5152.74853515625
5209.97705078125
4954.51513671875
5331.93212890625
4821.93017578125
5695.302734375
5684.98046875
4815.45849609375
4493.685546875
4808.646484375
5417.4677734375
5212.345703125
4992.505859375
4971.34619140625
5124.70361328125
4952.23193359375
4798.87255859375
5262.15673828125
5449.7314453125
5116.6884765625
5010.388671875
5755.380859375
5861.853515625
5488.04150390625
5624.55224609375
5947.56298828125
5502.84619140625
4949.1669921875
4902.001953125
5314.080078125
5830.91796875
4900.5791015625
4889.21923828125
4873.12744140625
5116.97900390625
4860.38232421875
5812.36328125
4858.8310546875
4840.1962890625
4651.26171875
5162.392578125
4947.783203125
4944.3359375
5711.5625
5089.857421875
4709.77978515625
5411.146484375
5513.10986328125
5093.6015625
5505.66943359375
5134.341796875
5523.73828125
5285.537109375
5285.57421875
5252.896484375
6013.6171875
5633.16455078125
5048.1357421875
5430.244140625
5140.6259765625
4637.39501953125
5379.7412109375
5400.8779296875
5801.77099609375
4887.23486328125
4498.54736328125
4813.89453125
5117.087890625
5236.6083984375
4759.4736328125
5180.849609375
5660.1708984375
5088.1298828125
5222.7119140625
5611.75
5115.236328125
4892.64599609375
5186.54736328125
5340.89013671875
5440.3974609375
5318.5009765625
5711.76708984375
5527.0205078125
4993.92041015625
4847.72216796875
5319.16259765625
5306.44287109375
5073.69091796875
4862.60986328125
4829.56494140625
5186.59033203125
5621.15478515625
5653.8876953125
4816.650390625
5374.39404296875
4783.326171875
5008.5185546875
5685.32958984375
5214.49755859375
5506.0615234375
5476.1884765625
4911.8505859375
5047.17822265625
5031.35107421875
5264.404296875
6123.8330078125
5244.1142578125
4785.25830078125
5440.658203125
5614.28369140625
5313.02880859375
5917.1005859375
4571.310546875
4887.9853515625
5299.4677734375
5167.10498046875
5284.724609375
5179.2392578125
5020.8173828125
4823.41845703125
5655.505859375
4792.7861328125
5060.3818359375
5465.318359375
4596.580078125
5026.2138671875
5634.16357421875
5035.30908203125
5168.74267578125
5191.7958984375
4711.03076171875
5174.060546875
5209.04150390625
5772.2841796875
5197.87158203125
5332.544921875
5433.84765625
5172.41259765625
5196.63720703125
5055.4169921875
5440.30126953125
5339.146484375
5222.87841796875
5845.3095703125
5569.3505859375
6045.62744140625
5122.28466796875
5877.767578125
4293.783203125
5017.79541015625
5917.15576171875
5130.14453125
4863.064453125
5239.6611328125
5266.39111328125
5098.83203125
5041.42431640625
5543.9462890625
5431.8896484375
5334.11962890625
5811.64453125
5815.65234375
5078.599609375
6044.54150390625
5538.78759765625
5472.0595703125
5788.00146484375
5571.0869140625
5607.48046875
6045.32861328125
5886.68017578125
4953.6572265625
5627.18212890625
4990.4990234375
4999.44287109375
5340.45654296875
5223.03271484375
5368.8603515625
5228.4140625
5179.0224609375
5684.888671875
6428.90576171875
5345.8525390625
5148.61181640625
5196.14794921875
5713.72216796875
5836.50634765625
5270.6123046875
5475.63720703125
5306.892578125
5572.189453125
5057.962890625
5997.2109375
5182.6015625
5228.587890625
5524.12158203125
4717.6728515625
5548.90673828125
5233.82958984375
5400.41943359375
5804.6416015625
5484.0908203125
5403.41015625
5131.46142578125
5215.0556640625
5847.7197265625
5260.9765625
5603.8564453125
5336.61474609375
5304.28466796875
6193.4091796875
5197.35986328125
5463.46630859375
5763.68115234375
5110.18310546875
5672.73681640625
5520.947265625
5282.8984375
4790.5234375
5916.5107421875
5550.0263671875
5049.42431640625
4979.45703125
5055.83837890625
5359.29931640625
5361.86865234375
5371.4755859375
4978.791015625
4743.89453125
5620.6884765625
5522.6005859375
5668.705078125
5573.32958984375
5673.14013671875
5930.77685546875
4953.3427734375
5738.60546875
4868.2919921875
5413.1552734375
5528.49365234375
5357.5361328125
5146.7939453125
5635.869140625
5786.82177734375
5500.83740234375
5442.341796875
5728.55859375
4979.18994140625
5310.0419921875
5470.75927734375
5308.15966796875
5380.8740234375
5618.27099609375
5269.236328125
5430.18701171875
5869.04638671875
5270.8994140625
5940.42724609375
5377.94580078125
5618.7451171875
5160.701171875
5660.01611328125
5413.74072265625
6173.71728515625
5862.7314453125
5402.55859375
5485.57275390625
5472.8740234375
5516.93408203125
5408.0244140625
5555.193359375
5781.6279296875
5450.4765625
5399.39892578125
5356.9443359375
5564.88720703125
5065.03466796875
