None
None
None
None
None
None
None
None
None
None
None
None
None
None
None
None
None
None
None
None
None
None
None
None
None
None
None
None
None
None
None
None
None
None
None
26781.59375
29540.875
28724.52734375
29279.421875
29904.50390625
28510.5625
29265.26953125
30765.9375
32574.03515625
31058.2578125
32744.333984375
33814.87890625
33863.296875
35157.00390625
33483.44921875
39935.109375
37367.7578125
38098.7734375
37626.86328125
35801.890625
40083.44140625
38275.8046875
38649.24609375
42414.515625
42589.8359375
40220.2578125
41549.66015625
37719.1171875
43911.41015625
41675.63671875
42779.12109375
46918.23046875
44438.453125
44291.0625
40387.37890625
43561.2265625
48809.265625
49654.41796875
47608.109375
51795.58203125
52483.859375
47920.94140625
49970.09375
48480.390625
50387.61328125
47841.62890625
50833.7421875
54148.87890625
57164.8984375
48190.26171875
51222.83984375
53812.625
51646.75390625
55095.16796875
55063.2109375
56180.546875
57436.72265625
59854.90234375
59886.96875
51984.89453125
62353.34765625
57271.890625
66809.7734375
57056.50390625
57635.34765625
61082.89453125
57921.671875
62881.3046875
65912.9296875
61977.0625
62009.4609375
63068.859375
71193.375
66138.9375
68997.25
63886.8828125
60158.609375
67432.859375
65866.71875
60157.1015625
61538.3046875
74839.7890625
63283.98046875
71450.7421875
68785.8671875
65891.9375
72478.59375
66187.65625
78554.4453125
72538.7109375
68108.2421875
77023.4296875
62167.8359375
76653.8046875
76928.328125
78051.703125
82903.9921875
65670.453125
57948.06640625
78234.359375
79140.4296875
77386.6484375
81846.140625
79719.953125
84198.0625
79481.21875
77117.6015625
75583.6953125
75557.3828125
79797.5703125
79724.0546875
75227.734375
75120.7265625
88379.8203125
81051.734375
82280.5703125
90532.4765625
101609.6484375
94508.125
96421.65625
84793.28125
88191.484375
97615.578125
83270.203125
97158.4453125
87245.8984375
103355.4375
103266.7890625
98898.5078125
104392.640625
96634.078125
87968.984375
89160.40625
97023.6875
84238.7421875
104572.0234375
100126.125
106537.7734375
104125.8046875
101431.3125
92933.1875
113665.7421875
99852.296875
100340.953125
104820.1640625
102983.640625
130921.015625
109455.203125
111796.84375
117948.8125
114912.8359375
117918.6796875
108269.6953125
116700.2265625
135971.390625
127437.7421875
115393.171875
116804.15625
103861.8515625
102673.9453125
138391.96875
102485.9296875
115984.0234375
99477.3671875
117822.875
137558.109375
127097.2734375
125841.140625
101764.984375
123632.3046875
104630.265625
112938.046875
121724.9921875
130635.734375
126712.84375
123302.046875
121793.0
110023.2734375
118502.140625
139828.5625
155555.4375
121154.078125
156915.921875
106900.4140625
141727.78125
145127.84375
123550.46875
130597.7265625
126340.5546875
117077.6796875
135325.859375
128961.4609375
120238.3125
149326.578125
116357.9140625
131104.171875
137527.46875
111602.8671875
126419.78125
157849.078125
124080.953125
120618.1484375
135453.71875
134678.390625
122318.8828125
141790.09375
143531.015625
126537.8984375
159627.234375
168732.296875
142621.828125
133102.109375
139408.234375
145533.0
170320.734375
141111.390625
143967.96875
154017.5
146230.421875
133783.34375
147514.0
156276.640625
140436.046875
159627.828125
170524.671875
166005.03125
134600.0
142253.6875
152602.40625
140083.984375
157684.890625
138530.265625
132895.46875
130773.109375
146368.828125
148832.109375
143396.265625
194434.015625
161860.328125
142516.4375
167809.875
152611.28125
170153.859375
136468.34375
154608.296875
149528.34375
175893.375
173190.140625
160733.0
176009.140625
126910.328125
170518.421875
161296.765625
158504.359375
170051.953125
162132.625
143058.828125
158923.171875
153395.796875
164588.78125
181261.453125
153951.265625
152674.609375
156474.5625
150495.78125
158825.421875
163091.921875
152077.96875
172866.6875
162036.21875
154067.078125
163664.828125
184497.640625
162449.6875
166259.375
169135.296875
171804.4375
195922.5625
192419.953125
159373.4375
158325.1875
173876.515625
180132.078125
182258.21875
151758.90625
169651.390625
147272.390625
167621.484375
165550.296875
178908.1875
178537.625
186104.25
187281.859375
163408.28125
215996.0
206240.765625
183397.625
184733.421875
194129.984375
216263.875
179667.03125
156881.234375
184443.390625
191063.1875
191585.21875
192207.125
176342.78125
230551.4375
184715.609375
191345.3125
181290.203125
187253.8125
193664.21875
207296.546875
217015.265625
203933.46875
174296.796875
176076.28125
199161.734375
158093.0
163496.65625
202630.171875
219056.578125
218700.390625
196278.28125
170205.09375
242108.921875
241795.046875
207762.59375
254280.734375
214432.03125
174277.21875
240940.703125
206632.609375
176743.0625
186643.09375
203500.15625
222686.8125
184499.59375
191031.484375
193510.421875
199175.09375
218553.59375
224466.28125
200848.078125
199849.046875
152332.015625
249231.25
195615.9375
254254.6875
228839.875
203612.21875
217878.015625
219386.390625
190314.3125
187262.90625
222603.578125
212225.46875
215048.703125
256980.59375
254667.171875
168339.25
228978.125
239302.203125
215423.6875
182576.828125
206560.0
210572.40625
223314.984375
199802.125
219624.984375
197056.390625
252747.765625
241147.609375
266665.0
218959.5
188231.625
238419.328125
254150.515625
266775.53125
198031.59375
227733.703125
250484.1875
196913.390625
205927.34375
199575.15625
279192.59375
273518.0625
239740.390625
241175.09375
229242.1875
274858.6875
203071.09375
222603.71875
257114.0625
268731.65625
275183.25
242809.59375
245750.328125
276796.0625
274363.59375
238033.125
263596.15625
226749.671875
276365.5625
241643.0625
216279.09375
241584.796875
288428.03125
283715.125
280903.46875
250883.4375
263734.34375
263716.78125
232235.640625
249632.921875
280374.34375
271706.375
232472.015625
307006.25
255235.609375
289332.125
253052.78125
265134.53125
282660.78125
263788.6875
289148.96875
360358.40625
230113.875
259736.390625
235387.046875
300883.8125
257185.953125
280120.34375
275090.40625
288098.59375
228452.703125
238090.40625
259954.0625
293680.65625
273322.75
331978.6875
313159.65625
284527.9375
290242.40625
276072.5625
308411.625
326795.03125
317983.15625
249531.328125
276670.8125
347997.84375
342325.125
266180.03125
275301.625
360722.71875
294751.9375
327371.28125
254987.140625
250081.84375
332693.65625
291058.8125
298136.9375
274714.03125
314311.78125
363850.3125
291473.65625
330911.125
308161.4375
280898.625
331285.28125
277565.59375
277797.25
257167.40625
331994.5
312456.375
307825.40625
298691.25
347458.5625
311528.78125
290302.34375
296014.46875
328265.84375
349827.5
260692.53125
280493.09375
345840.78125
330051.375
285773.9375
343749.53125
351555.78125
346356.53125
361443.8125
262904.6875
276134.78125
320223.6875
343213.6875
325335.875
300023.71875
390331.21875
336958.1875
360474.25
369815.21875
310380.21875
304478.53125
396711.09375
348362.21875
344440.9375
309751.40625
342364.40625
295703.84375
363441.8125
384825.28125
275328.21875
385957.5625
407948.6875
325835.71875
382162.75
343831.96875
270027.84375
323660.3125
314709.96875
361996.09375
311802.5
362177.59375
352375.8125
403117.09375
334734.25
308384.125
379743.125
326473.1875
449840.78125
376603.96875
345758.75
346404.125
288900.5
323011.9375
320523.78125
327393.03125
304153.71875
354363.09375
387104.53125
361725.40625
323543.21875
321432.28125
351672.34375
397303.40625
365002.25
301890.90625
293917.34375
395247.5
413032.59375
361874.59375
275594.875
342200.03125
433749.40625
352102.15625
337470.25
380561.28125
426023.78125
326440.875
306508.0
332113.40625
266086.65625
355103.28125
346847.9375
406409.125
354763.90625
416135.71875
440431.5625
353943.40625
409307.53125
328529.78125
380315.46875
288707.5
424315.78125
353873.625
446319.78125
395010.53125
431417.21875
402088.3125
372345.4375
358365.15625
370266.0625
404614.9375
396381.9375
316611.40625
418379.71875
417600.03125
322887.09375
357182.28125
377381.25
356465.0
330194.375
441354.15625
419090.03125
388641.75
364156.15625
391714.65625
479325.75
394970.53125
402289.71875
421798.09375
385796.3125
435745.53125
390373.9375
361440.40625
379091.9375
318743.71875
311808.84375
386907.53125
366797.21875
402158.625
421333.65625
420907.96875
384799.3125
423094.8125
430275.78125
402807.40625
431029.15625
373492.0
398925.875
418732.28125
451887.96875
314720.0
407284.65625
369307.84375
477506.53125
462245.90625
412497.46875
424282.71875
420761.8125
312536.75
399804.71875
403925.1875
431724.53125
375322.78125
447826.03125
424620.84375
382673.96875
388612.34375
459582.25
383597.5625
457105.78125
409117.1875
454743.53125
439068.65625
511383.8125
413531.8125
380080.96875
442594.875
367110.03125
391668.53125
452862.65625
446069.96875
427453.65625
431699.125
450923.09375
497096.40625
410881.65625
400687.6875
457880.125
403943.28125
429089.1875
411232.46875
446744.03125
473457.875
451451.09375
430992.53125
466439.59375
425057.46875
445529.6875
393356.1875
395459.90625
390524.53125
474559.40625
377115.40625
392673.0
421145.0
357618.21875
370667.125
438639.625
496797.5625
468139.21875
375322.78125
378566.78125
438138.09375
424392.4375
565861.8125
525880.5
433649.84375
394157.78125
385565.875
410292.0625
467843.8125
467285.15625
383275.53125
423927.03125
495803.96875
470818.5625
448031.375
460234.0625
481377.59375
477483.5625
482981.375
545278.75
437180.03125
482095.78125
453817.625
469338.53125
468709.0625
495098.90625
483556.75
506107.03125
512874.875
500948.25
459554.0
408830.28125
399003.96875
486191.3125
466087.71875
473426.78125
463056.15625
459195.28125
509347.71875
434545.90625
416673.15625
448237.03125
409271.34375
453695.75
420295.65625
487297.65625
460854.46875
428863.375
500182.46875
455926.8125
388472.90625
433119.28125
478685.375
458601.125
471795.71875
483948.40625
422561.34375
471881.1875
438998.4375
450819.75
506213.71875
514794.0
543749.625
471974.71875
533543.375
543764.3125
438344.625
455959.875
483516.375
475686.90625
553750.4375
449300.125
468229.4375
455536.84375
446736.21875
481167.375
502461.625
507154.90625
560710.3125
488385.34375
412779.15625
442227.1875
486338.15625
469716.25
423857.875
615307.4375
510011.6875
523702.59375
450822.53125
499510.03125
369613.5
563437.5625
433816.6875
477851.46875
407562.65625
432185.28125
450816.8125
548895.375
519915.375
494368.34375
500744.15625
505698.875
612748.0625
457102.125
423656.0625
498503.59375
523802.34375
558445.0625
444161.15625
520149.9375
429856.03125
501329.625
541283.75
466209.46875
473206.90625
499306.65625
491739.0
554525.5625
399579.21875
485703.875
491569.34375
508717.375
579042.5625
497010.9375
468696.6875
499181.9375
440899.21875
545166.9375
522647.96875
455861.96875
561591.9375
483644.59375
537561.4375
519171.5625
456624.3125
507625.3125
509751.53125
535089.625
534577.4375
556293.875
581066.9375
504537.3125
543541.75
488700.1875
587782.3125
523026.6875
527971.0625
465579.0625
517002.375
422747.0
506923.09375
547364.25
540858.5
539827.75
565171.375
500753.78125
447598.28125
533615.9375
560955.375
564085.6875
592948.3125
495928.625
529332.8125
453044.3125
428379.90625
456912.875
492191.0625
465559.8125
478632.75
521218.53125
546507.125
560952.6875
524973.5
580949.9375
505507.40625
565847.6875
527751.6875
561850.875
518094.5
511311.875
615573.3125
608431.0
577733.1875
458037.28125
455472.03125
568978.375
524223.125
531632.8125
580980.625
396573.75
530551.3125
540922.0625
418167.40625
633466.25
493096.75
540882.5
491572.4375
572806.4375
531295.875
556629.6875
602790.6875
509354.4375
556047.9375
514506.34375
578722.0
600089.125
616455.375
633322.625
506726.40625
516972.21875
602619.625
548703.6875
634007.1875
589179.0625
501254.78125
511199.25
566739.25
565172.375
631445.3125
476946.6875
625541.0
563023.9375
494998.6875
531707.75
514868.625
426538.75
658301.5
653562.9375
475131.8125
522502.46875
592285.5
566028.3125
540798.25
497835.09375
618175.4375
471570.625
607401.5625
589269.0625
588242.375
620406.4375
535171.25
611153.625
544401.25
485083.71875
625833.375
510900.25
526400.0625
599622.375
467557.96875
530845.5
523389.375
550842.0625
581967.0
543351.0625
507787.84375
709490.625
544608.0
586949.75
483930.625
570954.0
637727.375
568294.5
559725.8125
578688.375
627195.375
606635.9375
588652.0625
535811.6875
569769.9375
578983.4375
543132.0
590525.0625
509668.5625
647012.4375
522847.34375
648853.625
586423.8125
594533.5625
650905.5625
548424.125
638988.3125
597578.5625
574099.75
538725.125
568186.5625
554695.0
577126.5
551970.3125
595386.0625
494669.34375
659971.25
621194.1875
526629.4375
560732.1875
642387.375
602123.0
601466.1875
463464.59375
618405.3125
560844.0625
571590.8125
611185.5
643573.875
644692.875
728389.25
686511.6875
573032.4375
617307.5625
550766.25
571770.9375
628952.6875
651841.1875
595267.0625
573101.8125
602065.0
623885.0625
610905.9375
519695.25
580469.9375
642621.125
570373.25
652701.0
624121.1875
624325.8125
476318.0625
721049.75
622069.0
671472.5625
677022.875
659533.5625
606592.25
590427.4375
634715.25
555610.4375
632972.6875
657487.0625
562343.75
693889.6875
548736.625
722480.75
657027.625
632881.125
719580.3125
594762.625
625601.9375
715103.375
677474.3125
651243.0625
622408.25
623198.25
622610.3125
533565.8125
623868.0625
677708.4375
605106.875
648993.875
639391.875
633810.5625
648195.5625
597591.875
634612.125
584798.0625
648927.25
650093.125
548211.625
607745.25
575944.875
679912.625
686848.625
527286.0
651781.125
640424.6875
719811.8125
586617.3125
678630.25
655596.0625
668745.875
577303.5625
600169.75
605706.8125
631134.8125
724205.8125
600573.5
610615.5625
681042.5625
608577.4375
693008.0
651196.1875
633551.3125
641068.5625
560025.9375
557917.5
583139.75
574158.125
621510.125
646494.125
653482.125
538745.0625
577085.5
636955.875
582006.1875
730729.375
728096.625
690015.875
634720.125
605856.0625
675581.25
617840.0625
689120.25
568050.8125
711487.125
646107.1875
771456.0
634331.4375
715607.5625
671621.4375
690576.1875
654439.625
613861.3125
697239.625
605940.875
603212.8125
577129.375
565015.5
669171.125
655934.0
594411.125
684102.8125
723041.5625
664680.25
624477.875
693898.0
633209.0625
630778.0625
702078.5
525930.5625
533651.875
791772.125
606794.25
699531.75
678729.25
617382.0625
627856.875
521956.4375
712767.0625
622273.6875
622067.125
665714.125
608979.875
693212.5625
673809.1875
540867.9375
634205.0
675531.4375
640021.3125
717084.25
701614.875
596425.0625
683428.9375
688596.75
475607.25
524194.5625
643052.5
705422.9375
604830.625
702812.5
646474.75
757542.5625
699576.1875
625580.8125
623074.625
752511.875
711686.4375
589530.875
624486.1875
605837.0625
729543.75
637860.8125
821301.6875
632321.3125
656853.1875
584931.0625
713143.75
702992.6875
653207.6875
668581.3125
713645.4375
642611.0
708602.5625
739789.9375
712814.25
730223.625
690178.8125
605745.5
652998.375
717850.8125
685842.75
677969.1875
606426.4375
760881.5
802918.375
654815.5
728142.5625
718794.75
633396.9375
680409.3125
655686.125
728490.625
621480.875
729357.25
713434.4375
695927.9375
828140.125
600499.125
756098.125
618597.3125
639513.6875
700252.5625
704196.0
614552.5
690763.875
676315.875
703413.3125
738904.9375
635508.375
664055.6875
701817.3125
670105.6875
625613.6875
778839.0625
726089.0
750415.5
784001.9375
729561.5625
584812.1875
822727.4375
695642.0625
723751.375
682254.9375
648493.375
662681.4375
668467.1875
768273.75
695827.75
756559.8125
719449.5625
708957.25
736916.25
759321.9375
864158.25
751445.25
698513.5
621242.1875
616778.125
652151.125
664468.75
761716.0
592922.3125
756530.375
783483.25
728666.8125
705720.5
734528.625
703641.6875
697756.375
713784.125
725561.1875
741195.0
719563.3125
642543.8125
819014.5
745890.75
758521.4375
686461.75
633498.1875
783133.625
725880.125
696981.75
732812.375
606605.75
685961.4375
670320.625
766641.125
727060.125
701960.875
542846.75
775508.875
740606.875
840584.25
694341.75
638389.6875
659851.75
717928.25
760836.6875
803585.25
695154.4375
641779.875
751516.0625
681539.625
743396.25
759239.25
711878.25
792230.125
750984.375
733360.9375
771360.3125
797428.5
661872.375
653722.125
801475.4375
737627.875
755649.0
799535.0
874772.5
728120.5625
692759.9375
781938.0
828199.875
737367.4375
699721.75
723210.75
710102.1875
723372.3125
727061.0
783396.3125
755683.375
743608.6875
753398.9375
755369.4375
692224.25
794032.0625
666798.875
740932.0625
634921.9375
726315.75
748642.6875
671135.3125
657757.6875
867086.25
782534.0
704615.375
803264.0625
614035.1875
688608.75
685816.1875
791405.9375
692275.1875
696534.125
753996.9375
830784.0
844968.4375
817652.5625
735590.1875
759093.25
721069.75
639396.9375
796749.5625
681803.3125
752772.1875
678948.6875
721579.4375
783476.125
722192.0625
712026.0625
832809.375
867369.8125
738823.125
760314.625
768181.25
709245.375
843471.375
862623.9375
647679.0625
726923.125
885048.5625
770235.5
841397.4375
750334.1875
903261.875
796180.6875
742119.9375
730541.8125
814052.875
742798.9375
801352.375
710024.9375
823368.4375
818025.875
786428.625
690516.75
804213.9375
782473.625
712910.0625
768282.5625
800857.0625
800654.5625
774974.0
819098.8125
677195.1875
760133.75
813594.3125
755236.3125
834290.75
710591.25
691107.0625
870050.8125
857339.9375
753481.375
890382.0
889533.625
788004.8125
713316.8125
708681.5
866549.875
846080.0
850586.25
848684.5625
916637.375
648072.875
877522.0
817514.125
924898.375
659493.125
795397.0625
772353.8125
726247.1875
870663.625
801664.4375
802757.25
808072.25
655917.25
856242.375
794342.0625
728001.375
726724.75
803915.9375
733491.8125
719273.3125
744339.375
792762.6875
808114.25
780835.5
958742.8125
807197.5
766369.625
774481.5
681014.875
711729.375
729551.3125
864391.4375
678299.875
870530.25
824628.375
785622.8125
801353.1875
729051.5
751300.875
818438.875
809802.6875
808475.8125
722967.875
799084.0625
844336.5
740741.3125
799705.6875
870552.1875
900566.6875
823541.3125
816918.625
774459.5625
751043.8125
808644.0625
802690.4375
828444.875
754303.75
819149.4375
837060.1875
833174.125
786987.3125
779894.4375
899788.5625
800798.75
827301.25
925347.0625
799217.3125
784435.3125
683041.9375
832268.4375
777034.0
808335.8125
867555.4375
880740.8125
809495.0
788050.125
747519.4375
733654.5625
1012395.375
784392.1875
745445.3125
871604.625
887217.125
849984.375
914832.0
918833.5
867809.75
851483.75
901656.0625
661238.4375
741266.5625
793951.1875
897675.5625
813718.0625
757739.5625
795319.3125
809408.875
711899.4375
851889.75
841803.3125
630554.5
937179.75
903442.875
705732.5625
848867.375
766587.625
885554.25
684041.4375
812031.625
892403.125
827483.0625
714801.625
763291.75
686870.0625
941224.0625
845147.9375
720747.6875
855795.625
801888.9375
906010.625
789027.375
794800.5
970675.75
790014.3125
892195.625
878385.125
828945.5
806112.6875
690016.8125
756065.5625
891550.1875
847520.0
764666.125
910657.4375
855531.3125
985760.8125
787563.0
809738.125
934258.4375
852207.9375
1024823.0625
793571.1875
936538.75
806970.8125
1000731.625
809697.4375
823555.625
853799.3125
753723.0625
833434.75
764930.1875
716087.1875
983401.0
763954.1875
970996.0625
867004.0
1006027.3125
857896.25
803386.4375
796579.9375
967702.8125
804580.375
964786.375
809556.875
881573.5
888982.0
834376.1875
824406.8125
848978.1875
824026.3125
863401.875
800180.125
739941.0625
692237.4375
859998.75
840911.625
841592.5625
922736.9375
685651.875
732319.0625
771275.4375
844361.875
1075090.75
980677.375
699553.6875
766118.4375
890243.8125
893752.0625
909406.625
1003876.0625
869838.5
802901.9375
939127.875
705913.0
877768.0625
776731.625
909508.3125
847819.1875
645068.1875
955111.625
836971.5625
861336.9375
933346.25
775071.625
758632.0
971595.625
838786.4375
1005960.0
840284.75
992094.25
822027.5625
957414.5
858114.0625
820547.6875
977368.0625
1014892.3125
835362.625
715358.375
866975.9375
817400.875
988934.6875
895791.5625
881102.0625
868418.5625
925090.6875
840392.875
911055.625
803422.25
887963.1875
841952.6875
964235.6875
877916.3125
883932.375
774055.25
888925.875
867647.125
954814.5
829246.125
785560.0
863358.75
886293.8125
947746.1875
774704.875
908997.0
900343.125
742076.5
939965.375
833026.9375
930157.1875
690596.6875
949643.5
811959.9375
777842.75
923562.75
851570.9375
841457.75
783563.9375
958909.8125
768837.625
883352.5625
851144.5
901254.5
885432.4375
775722.125
932477.25
806570.5625
954906.0625
818947.1875
931726.9375
985185.6875
857018.0
1025561.0625
957455.125
984884.5625
739572.9375
864179.8125
930450.0625
879956.125
938921.375
823549.375
871484.0
762678.8125
969682.9375
923127.0
940517.375
981656.0625
927563.5625
931564.5
897238.1875
902889.0625
866167.6875
840978.5625
861542.6875
919681.3125
804121.9375
777872.3125
993901.3125
905596.5625
880151.625
878055.125
905256.125
882967.6875
1027788.625
783587.375
955818.3125
945274.875
931205.875
900768.8125
888614.875
1073434.0
814105.1875
1005583.0625
914853.375
866376.25
867748.8125
829294.0625
891364.8125
876546.8125
786529.9375
909647.0625
1064707.375
934664.6875
875261.0
929153.1875
989328.4375
962001.625
964762.375
1123775.25
931558.375
991668.3125
944330.1875
870668.5625
891492.25
774158.0625
1049718.75
918857.625
957976.9375
961960.25
945302.1875
912441.875
945234.875
980505.75
940819.5
1090658.875
985594.75
1031366.375
970875.8125
956046.875
1038573.375
900889.3125
1031278.8125
995095.125
947053.4375
1081559.875
873324.4375
876268.375
877459.25
873096.625
1105673.5
881448.5
858358.1875
936709.375
855815.25
904938.9375
961603.4375
1003664.0625
1118387.625
807525.875
1026220.9375
936365.625
1037458.0625
871292.75
919745.1875
1063179.125
959758.0625
942257.375
1019819.25
865421.0625
832220.375
1014987.1875
967434.8125
877119.8125
925909.8125
1006347.3125
875740.5
919994.875
936118.8125
918796.5
1009981.375
826172.875
821976.9375
793789.25
979410.1875
816772.125
853439.0
865447.625
885333.6875
937907.5
838126.3125
938294.8125
1022062.0625
930427.0
869665.1875
813188.875
859873.0625
945310.6875
794143.8125
957870.4375
806296.9375
1039382.1875
1003429.125
761402.3125
1079167.875
861545.1875
986735.8125
1110194.5
1025016.5
993844.0
881052.25
973110.9375
802677.4375
895640.5
943803.5
863505.3125
958099.75
953947.3125
899605.125
875782.625
1067514.25
1043047.375
1027929.1875
990823.9375
1023611.0
759044.5
904937.1875
869762.4375
938569.6875
885327.4375
1030887.75
986486.8125
996887.4375
869627.875
972990.375
763725.0625
1000552.625
930322.25
879224.3125
927814.625
1041418.3125
918097.75
938430.875
1074334.875
840925.5625
1003131.5625
946056.75
871209.125
949847.1875
1123643.0
1051375.75
877028.0
1037724.5
1022401.3125
929775.625
854635.0625
1082099.125
990362.25
961359.5
1070608.0
948505.5625
1008412.875
899430.375
1080013.75
832383.125
930470.75
1027796.5625
1071511.875
1093935.625
1007742.25
912074.5625
931190.3125
909833.875
1013308.4375
972462.9375
951851.9375
845525.3125
881621.75
1009825.625
977494.6875
923876.625
977760.4375
913783.5
938727.9375
872465.3125
856772.3125
969975.8125
885222.625
905874.0625
819394.5
939554.0
1065458.0
1003814.0625
1144806.0
800696.5625
995725.0
1078583.25
896662.6875
996429.6875
966961.0
1024750.6875
944086.8125
894588.5
899015.4375
1031795.4375
767476.625
1011281.0625
1102775.75
1078233.625
1012546.0625
917548.6875
1057409.25
944820.4375
949966.5625
923735.3125
992295.375
1016100.875
1064120.125
1104574.75
919411.25
988031.4375
973934.0625
1027770.875
1065321.125
894073.3125
783568.0625
1083371.5
928270.1875
1049255.625
1047787.0625
1033813.1875
1084007.375
950876.625
1195859.25
981798.625
990209.8125
1111375.75
886685.5
985998.8125
989176.3125
997490.9375
973625.9375
959905.25
1051333.75
839187.0625
1018111.9375
1039141.375
892038.875
899712.375
1124099.375
1030057.8125
1076103.125
1056259.875
831877.625
946183.625
1117176.625
864102.0
1143195.375
891310.6875
1253236.0
997454.0
876222.75
946849.8125
969218.1875
1043980.6875
1099475.875
897083.75
1156317.375
1052238.5
963286.6875
1046838.3125
1201511.0
1131302.25
1149320.0
1042234.5625
1000080.625
897964.1875
971015.375
1028066.6875
987773.1875
989118.125
1062146.0
982668.4375
1097209.25
993340.0
1130867.875
1039826.5
973098.5625
1105055.375
997740.125
1162077.625
767376.25
1121319.75
877932.125
1028953.25
1024216.6875
1036590.0625
1088111.875
1202768.5
1043923.625
1053698.25
1155419.25
1030639.375
960541.0
1070333.0
1055204.375
1190257.875
1117594.375
1046283.375
813170.0
1089812.75
1152014.5
1082536.0
917877.0625
1116437.75
992449.6875
1191253.625
1047006.3125
1139891.875
904033.6875
922174.75
1116838.25
950855.75
1065024.75
1165265.75
1109365.25
949360.3125
1029145.5
915334.25
1090210.5
1120282.0
921880.625
1010209.6875
1006769.3125
1098591.125
1246987.125
956082.375
1151152.5
946688.9375
957012.0625
1173314.875
1223250.0
1157832.375
1033150.9375
1006639.375
1017806.1875
1126326.125
1098084.125
1032026.9375
999830.0
1146911.875
1088275.0
1012926.375
1231830.125
1145153.25
1100015.125
983174.625
1234095.625
1054698.125
976066.375
1294035.25
965106.125
1086482.25
1087907.125
1032697.4375
1084175.75
1189341.25
1109902.25
1090228.875
1051589.0
1151590.25
1085133.0
1199446.0
1082706.75
1170210.25
1102691.0
1067021.75
1197017.875
1094611.75
1136296.5
1234022.25
1081470.75
1118978.0
1218977.125
1131768.5
1045352.125
1268364.5
1117231.0
1059823.625
1250195.25
1021678.4375
1157056.625
1178144.625
1030647.0625
1231697.75
1098090.125
1226898.5
944908.75
1124320.25
1126057.25
1066662.75
1114493.5
987360.3125
1108364.125
1089840.875
1270098.625
1111405.25
1174011.0
1030153.125
1152938.125
1101243.625
1272827.0
1080334.0
1120794.875
1212060.625
1225396.375
1129583.625
1249133.875
1221025.5
1147589.5
1069826.625
1091349.25
1121708.625
1168488.875
1033383.625
1294644.125
1203128.875
1193300.375
1199302.0
1174000.75
1103240.875
1183153.875
1114907.0
1106239.25
1255609.875
1178705.75
1246789.125
1201368.875
1270709.375
1242485.625
1115061.125
967920.5
1075512.75
1144981.25
1063815.875
1327854.5
1226008.75
1228428.75
1140094.0
1021107.875
1113503.25
1255263.5
1217678.125
1134100.25
1280498.0
1103190.125
1227583.0
1216886.25
1055461.75
1181600.125
1083740.375
1085191.5
1232527.0
1191430.25
1258588.375
1053871.25
1219443.875
1151935.25
1108461.375
1236105.5
1126977.25
1205759.125
1289230.25
1144912.25
1162130.0
1202622.75
1227377.375
1215215.625
1129816.875
1153383.25
1200203.375
991378.875
1270369.875
1255283.125
1181915.75
1218456.75
1073034.5
1233267.875
1236256.625
1192133.125
1111154.875
1234712.75
1281019.5
1286885.5
1190530.25
1114676.125
1157349.125
1207531.75
1271840.375
1278520.5
1173952.875
1163132.75
1240917.5
1154542.375
1220194.5
1186016.0
1373724.25
1142386.625
1176558.25
1158638.625
1314872.375
1201150.75
1246122.625
1269987.625
1247055.25
1172285.875
1277465.0
1227333.125
1252352.25
1291080.5
1185694.125
1166330.875
1238271.5
1230318.375
1196998.875
1287806.0
1292601.0
1171175.0
1158130.625
1273975.5
1166570.25
1290719.625
1336757.25
1156043.25
1265157.125
1370786.75
1298385.25
1197628.0
1165907.5
1424590.25
1301292.5
1279635.375
1386419.625
1153715.125
1268046.375
1276175.5
1279078.125
1225031.125
1283225.625
1315499.0
1098943.0
1310465.125
1087846.375
1200469.25
1281990.25
1449406.625
1330339.5
1142596.25
1161686.875
1259868.875
1307609.25
1390623.625
1281532.0
1348495.625
1209425.0
1263740.875
1175140.0
1312340.0
1227231.25
1452626.375
1208691.875
1377055.875
1351859.625
1131259.0
1403744.375
1251456.875
1304852.125
1257587.625
1320319.0
1201295.25
1192787.375
1292042.625
1199735.5
1350219.125
1384683.625
1310718.5
1184334.875
1386437.625
1130475.75
1262530.25
1222800.5
1394504.875
1272300.875
1243269.5
1221492.375
1232487.75
1235145.375
1319734.75
1258649.625
1367446.625
1174511.375
1225748.0
1146078.375
1431181.375
1326658.125
1362488.375
1335929.875
1263322.375
1336584.875
1281317.25
1279449.0
1368519.375
1434258.25
1318102.375
1356428.0
1219484.625
1317749.875
1328070.125
1389646.875
1214747.125
1278867.0
1376880.375
1227031.25
1358337.125
1305179.375
1373412.875
1142403.0
1341280.875
1223409.375
1249439.875
1330107.25
1453500.625
1348054.375
1226998.0
1262683.875
1286555.625
1249147.125
1372174.0
1324531.875
1366869.5
1340272.875
1146472.625
1272901.125
1399215.875
1485965.75
1232468.75
1291363.5
1449934.75
1373796.875
1256528.25
1369439.875
1342374.25
1315645.5
1317072.5
1439419.75
1346012.75
1263479.75
1440455.625
1328513.125
1406165.0
1327696.125
1430134.125
1311420.75
1467107.75
1407893.5
1302797.375
1340919.0
1352269.25
1435250.25
1229116.25
1414348.625
1394657.625
1458305.875
1507627.625
1468168.875
1401994.75
1335578.25
1317628.5
1397997.875
1337113.875
1400775.125
1299469.25
1303257.375
1290747.625
1332465.875
1412480.25
1382488.625
1417565.125
1373099.875
1341727.875
1479517.375
1416461.0
1321200.625
1429235.375
1337074.375
1279041.5
1359240.625
1328768.5
1360709.5
1484943.625
1310799.5
1269472.25
1293722.125
1304787.25
1337179.75
1432502.0
1456521.375
1239818.375
1401898.0
1357308.125
1352637.75
1284240.5
1363707.125
1462359.375
1315597.125
1244768.625
1469873.375
1242303.25
1298701.875
1417966.125
1342612.625
1427471.0
1382768.375
1418224.125
1400020.875
1422858.25
1437644.75
1217570.0
1371555.25
1466579.0
1383925.125
1452086.125
1450050.375
1556832.375
1397433.0
1414122.875
1354733.75
1199415.25
1323602.125
1375439.375
1412357.375
1403066.625
1377818.375
1451311.5
1516396.625
1347530.875
1357897.875
1418174.0
1431044.125
1257275.75
1445960.625
1426026.25
1320745.5
1470200.25
1349519.0
1383203.75
1546295.75
1496898.5
1330757.875
1307432.5
1522313.25
1322095.0
1464152.75
1402938.0
1373775.25
1371317.375
1481563.375
1334759.25
1421424.625
1552136.375
1290264.875
1533070.5
1399909.5
1364195.0
1418762.75
1424151.125
1420987.5
1389075.0
1588838.25
1305116.0
1512410.125
1461768.25
1371805.125
1435904.0
1449068.25
1504364.5
1457248.875
1495920.875
1302685.625
1454308.125
1337177.375
1356540.625
1398947.5
1400842.625
1542698.5
1407498.875
1432045.625
1493054.875
1344091.375
1370071.25
1375938.625
1413180.25
1590511.375
1576506.75
1463085.875
1470018.125
1413155.125
1418867.125
1296806.625
1459385.875
1381675.25
1530430.25
1381717.375
1427336.25
1420733.5
1360249.75
1568930.375
1415803.75
1479686.375
1345618.0
1530758.875
1438488.625
1443298.5
1535240.25
1525049.0
1457248.125
1500560.25
1397631.5
1449442.25
1399632.625
1371516.25
1487228.25
1313448.375
1513615.0
1406245.875
1538673.25
1430352.0
1484431.75
1351709.875
1513083.5
1478507.625
1372705.75
1414407.625
1522135.625
1509521.375
1365195.625
1633377.25
1355448.25
1461037.875
1451666.75
1456109.375
1403875.0
1527195.375
1448106.5
1657237.625
1423581.125
1548979.5
1529123.0
1417612.25
1512731.375
1544203.75
1559093.125
1515400.875
1493773.875
1408695.25
1274862.75
1620979.875
1488294.0
1456977.75
1435035.25
1442188.5
1534137.875
1352047.875
1449555.875
1531309.125
1540475.25
1574093.625
1611102.375
1474218.5
1455137.875
1431484.375
1445463.0
1436921.0
1510585.75
1584527.25
1464687.875
1451290.0
1594908.375
1624714.25
1556642.25
1511628.375
1506677.75
1606840.125
1394975.125
1440158.375
1540923.875
1430994.625
1500124.0
1609859.5
1499047.0
1624887.0
1486365.375
1529325.875
1532362.625
1412880.375
1448479.25
1408695.5
1523975.0
1432324.375
1418389.625
1467869.375
1609136.75
1497459.625
1547615.875
1531737.25
1446725.625
1385047.125
1458456.875
1703509.125
1477577.375
1513523.375
1550790.625
1524541.25
1537046.375
1467324.0
1472753.25
1541926.25
1496300.25
1633439.75
1495851.875
1512356.5
1577215.875
1540059.625
1597688.75
1454299.375
1515920.875
1466965.25
1502534.5
1573956.5
1496468.75
1627502.125
1593328.375
1529909.25
1461287.625
1559509.75
1444803.125
1588610.375
1500811.75
1527841.625
1502913.125
1569080.5
1602173.375
1511570.0
1427464.125
1598854.375
1508714.625
1577203.0
1588661.875
1620612.625
1562981.875
1409905.25
1568635.125
1591432.625
1563445.125
1517092.625
1479322.375
1623814.625
1535505.25
1578418.875
1543820.0
1606560.25
1613093.75
1660909.375
1509203.75
1485038.25
1542881.75
1456889.5
1534807.375
1625714.625
1663314.5
1540591.375
1618360.75
1450347.0
1477426.875
1630708.625
1489876.0
1492215.25
1627916.125
1668589.125
1643358.625
1596686.5
1606461.0
1482706.5
1568714.125
1529380.75
1474170.875
1592098.25
1667808.125
1588143.375
1563747.625
1513894.25
1538553.625
1546276.75
1527538.375
1654365.625
1626246.625
1607601.25
1670053.25
1601658.75
1583496.625
1591256.875
1496451.625
1623692.0
1479633.75
1540703.5
1585413.625
1647868.75
1615269.875
1620165.125
1541108.875
1479942.875
1630670.75
1649220.75
1693889.125
1388131.125
1656918.0
1595415.375
1595048.75
1589608.5
1568050.625
1533211.75
1568713.625
1685662.625
1585682.0
1635424.625
1497627.5
1474239.25
1619510.875
1476151.75
1560299.625
1620590.25
1578158.5
1555877.25
1564559.625
1547687.125
1538129.0
1588779.875
1603614.125
1601003.375
1584700.0
1657269.625
1533039.125
1635793.625
1550091.0
1588744.0
1680854.5
1577105.375
1634899.0
1614117.25
1368965.125
1637807.0
1739233.25
1618015.125
1459434.0
1625147.0
1534305.25
1610523.375
1512123.375
1577191.0
1511593.125
1511347.125
1424649.375
1537711.875
1618370.625
1624452.375
1644035.125
1612603.0
1619894.5
1596187.625
1656991.125
1501645.75
1525716.25
1578329.625
1597339.625
1612202.0
1636880.0
1694146.875
1721063.5
1671093.25
1546638.0
1584183.5
1652186.75
1504848.5
1711696.25
1392059.125
1640183.5
1556551.625
1511908.375
1671873.625
1764946.875
1678451.375
1637202.5
1660194.0
1580505.75
1625138.5
1670168.375
1675561.5
1702237.875
1708147.375
1623359.125
1677447.875
1632855.0
1621537.75
1665871.0
1695413.75
1610105.5
1596010.5
1503079.625
1537167.625
1745215.875
1676881.0
1603944.5
1606186.0
1674133.5
1703958.125
1612786.5
1550117.25
1667583.0
1521475.875
1671398.75
1685511.375
1708185.0
1731887.375
1572177.5
1615698.5
1622935.0
1654184.25
1726791.875
1739432.875
1719190.25
1565346.0
1610408.0
1644011.75
1576780.375
1700003.625
1741237.5
1670343.75
1659552.75
1606371.5
1648692.625
1667692.75
1686390.125
1661727.125
1659587.875
1659074.625
1650478.75
1795040.25
1806398.875
1651997.75
1707041.625
1649561.375
1619896.0
1601557.375
1708881.625
1651084.0
1612275.625
1701045.0
1679723.75
1640426.25
1679711.375
1562959.25
1729935.125
1685239.0
1731012.625
1719380.75
1682497.625
1652785.25
1641155.125
1674115.125
1656624.625
1681902.5
1779216.125
1582056.125
1697234.625
1689342.125
1617022.25
1716418.5
1656987.0
1689641.75
1712125.0
1739314.375
1679926.5
1533702.0
1672164.5
1669518.5
1626798.625
1623689.625
1801623.125
1695650.25
1701253.0
1714195.0
1689132.0
1577769.25
1683197.0
1745945.5
1736190.75
1751932.0
1627490.875
1757667.875
1639306.375
1721715.375
1648187.75
1650570.25
1782228.0
1738149.125
1749877.25
1691508.75
1685082.875
1703452.875
1773185.875
1734002.625
1767562.625
1757397.125
1709331.25
1738953.5
1545813.875
1519861.625
1687542.125
1729275.875
1675800.875
1775511.375
1825903.875
1751804.25
1770130.5
1804074.625
1712969.375
1579661.875
1679365.75
1667809.75
1763898.25
1683639.625
1670825.5
1761430.375
1608179.875
1833179.5
1707475.75
1671319.875
1794640.625
1670160.5
1804667.375
1600220.625
1716867.875
1723641.25
1842823.125
