0
0
29710
26099
30890
31967
30148
28955
29633
29603
29263
31611
30098
31075
26732
29483
31829
29486
29059
29376
30598
25351
30335
29608
29064
30274
32167
30799
26651
27899
28395
33849
27388
30613
28887
31654
28304
31611
29461
27609
30106
30568
29848
28515
29518
30943
29848
30536
29426
27102
30074
31538
31611
25004
28395
28213
30848
32131
32391
31886
35902
32293
32670
32872
27157
27490
32234
31092
33078
33253
33258
33289
27652
29877
30125
34936
28186
33838
33655
33529
33431
34532
27337
33286
34943
30781
31226
34404
34908
31998
35102
35210
35306
35330
35389
35666
35666
29820
35644
35605
36086
35969
36057
30333
36880
36378
36819
29062
30507
37448
28855
37103
37487
37645
31406
37454
38007
29230
37310
28447
28785
37549
37734
38003
37862
38055
27827
37407
30703
37579
36809
36950
36645
29308
36952
36366
30114
37748
36438
37016
34584
28467
29594
36154
30381
29500
30862
31298
37973
38525
29145
37976
29293
30977
37647
36889
36830
29377
27589
37992
37768
37831
38451
39017
39546
40069
31421
38785
39089
39327
39617
30501
29198
29577
27383
30022
39829
39025
30598
38109
38698
29455
24704
39216
32654
33664
40050
30126
40820
30887
29114
28703
39887
40094
29927
39285
28090
39471
37624
42064
47221
40212
39315
39520
39487
30184
38259
37937
35368
37998
38991
39032
32342
29914
38798
39003
38610
30283
38096
28914
35381
37646
31339
37487
37782
30307
36836
37541
31288
36838
29500
36391
32335
30170
29518
27722
38151
33151
31030
37692
37502
38638
38593
38447
38532
36234
31344
32782
34498
35807
31782
34886
37138
36556
36735
36659
31790
33301
35868
40986
38781
38734
39256
40879
40853
35862
39147
39237
40723
36326
37844
38341
32303
30297
34476
32480
30475
36227
36654
37335
30811
34875
29190
35738
37538
37077
38621
33296
36161
36488
29637
37482
34497
31327
31955
32461
33670
37230
31186
36139
30624
34659
36928
37749
37948
37922
38379
29647
38801
37028
37465
37527
31417
31826
30208
30059
26437
38502
40144
40036
39391
39189
33069
37639
38490
37785
36352
36748
28692
28985
32816
38664
35182
34678
30316
30712
34590
38478
34887
35195
28773
32739
39197
30737
36092
33994
29108
38706
36856
30690
33715
37405
34909
35435
36222
36707
33130
32709
37587
34390
33679
33212
34683
34637
33708
32366
30806
35814
33626
37307
38555
39031
38761
31082
36792
32524
35933
36431
32005
35608
35804
35050
31448
36450
36794
34536
36981
32401
32445
31530
32605
29577
33747
31489
33544
33207
34537
28762
29969
37958
44316
31461
28867
34731
29788
34926
33465
28649
25414
26466
31942
34761
36131
37633
37475
37317
28408
36257
26201
28983
32815
35172
27552
36156
36579
36196
36079
29572
30088
28874
27481
34209
37296
38097
38867
27418
36558
35736
28050
26492
26053
32760
32517
27955
32044
31976
33215
28079
26964
32944
32370
28376
32057
27725
33625
32679
32752
32731
34065
34763
33855
33484
33264
32159
32393
26375
32363
28059
32028
25135
27539
33256
34914
34307
35245
30957
31787
33118
32187
34267
33587
34391
33645
34748
35129
27442
34102
34466
26150
35352
34694
34763
25475
33373
30275
32126
33149
35328
35980
29648
34917
27676
29089
36335
27112
35882
34150
35846
35746
34517
32190
34518
34447
30847
34282
28420
33273
31759
33845
32640
31596
33915
34498
27476
25911
24423
33619
34905
27857
34245
26076
27108
34459
27878
29543
37649
37167
37527
34880
30484
35317
34706
28435
32447
35035
34379
28021
34037
34073
34206
34413
37424
37446
37583
31467
28311
37272
36552
35832
36893
35902
36960
28742
36047
34229
33788
34351
33795
34398
32852
36543
27914
36725
30910
30470
36563
38869
38354
38706
28643
37180
39044
39193
39177
27191
36718
28843
38218
36793
39081
37721
27043
29945
32515
33322
34640
34787
31722
35185
33815
37560
44426
36963
27017
34621
34049
37041
36632
33748
29248
33830
32098
33103
25499
24555
37452
37789
38240
38511
40249
40074
37833
38584
38732
37641
34704
33726
31403
35741
35200
35760
37013
34388
34733
27465
34093
33955
33350
33840
34414
25459
32081
31333
31717
32133
31080
33714
30470
31432
31283
30682
31356
32809
31258
32464
32895
32544
26278
32142
32665
31923
31836
31661
31082
31192
28787
32957
32060
32222
32000
31836
33048
33056
31400
32335
34514
34733
33181
34310
37380
36235
36871
36722
36977
37004
35695
36945
36995
34277
33785
33475
26479
32951
33853
33697
26368
32713
31352
31586
30876
30379
30333
30195
31843
31337
32247
31750
31906
31968
32460
28615
32757
24317
34173
31725
32156
34672
36198
35038
34846
33137
31270
31297
32575
32317
33038
33478
34107
33815
26505
34022
35516
35376
35631
35765
35807
35425
27919
29011
31888
34207
30237
27458
31131
31398
31282
32358
32628
30069
35902
35471
32327
30372
30646
30947
30906
31557
33563
27201
33568
25722
30471
29137
31452
33091
32785
32599
32856
33014
32306
32524
28672
24678
31159
31910
26099
34370
35183
32844
33435
36641
31915
29547
28764
28912
29273
30010
29679
31569
28132
23878
29276
26305
28093
28873
28759
29010
31220
32065
32061
33390
37730
43453
37703
33636
37522
36375
36700
37496
37578
24234
35771
35112
25701
32586
32912
30788
30153
28825
31051
29622
29151
30294
26961
28613
30465
21651
29541
33003
33172
34193
34638
35453
34347
34343
32223
31156
29476
32487
32196
24887
31784
31721
33105
32734
32894
33005
27399
32697
26867
33202
34267
36685
34180
34365
34994
33626
35592
34430
27933
33829
34010
34529
35199
35691
35249
35623
32032
36580
35063
35723
35690
39379
38684
40258
39985
38869
37624
24721
33097
27457
35826
37058
35983
34882
34855
34783
34271
34131
34789
34474
33961
34603
27976
34634
37272
38282
38511
34246
33859
36421
34040
33101
33186
22095
32307
31522
32981
32764
36531
27652
30088
31568
31337
30674
22987
31825
30265
29410
29504
29635
30383
30959
31153
31065
31909
33774
32665
26849
31195
27089
31688
28867
22182
29437
26145
27850
29375
28557
29973
28184
29448
29024
28751
29148
29647
27861
27814
27526
31464
25136
28318
23634
29760
28485
30505
30145
30422
29577
34895
22601
28952
31106
31844
31323
31353
31844
35172
28538
30889
32310
24571
31697
33346
33131
33190
36466
34077
33765
32820
28781
32322
33151
33733
34667
34938
33167
33273
34259
29863
33580
33144
33830
33695
33728
28052
31724
31345
33076
33022
33365
33829
38289
44103
35998
33458
34471
34407
37014
27791
27008
25699
35836
33775
33099
33993
33879
34497
33642
34905
34927
32727
32915
33157
32964
33399
31315
28512
30333
30205
30018
29999
34933
36168
35707
33608
33224
33673
33628
38220
37893
38135
38082
38174
37981
37914
28103
34686
34417
33957
33829
33588
33732
34181
33841
33376
26763
33159
33201
29689
25183
32899
34526
35562
35982
36403
35989
27494
34785
35430
35508
33794
34798
26520
25050
36448
32619
31934
32070
24008
33413
32237
30648
31631
31979
32340
31079
32619
31143
31524
30449
30562
32193
31849
31626
32131
30944
31141
31146
31398
31709
29591
31266
31915
28703
34166
33592
33310
33907
33960
34622
34155
33802
33208
33137
33123
32926
32090
32487
33378
32432
32332
32347
32442
32299
25345
34286
32809
34547
32541
32835
25930
31828
32074
31557
33174
31816
30526
31436
30116
25864
33021
32673
30863
32243
32739
31738
30943
30752
29995
29917
29804
30371
28051
30491
30894
31750
33965
31773
33470
32912
31858
33406
33345
33042
25946
31848
31091
31434
31128
31615
29441
31327
30548
31706
31908
31070
31320
32446
33457
32789
33066
33300
31619
34739
32488
32279
33189
32969
33045
32923
33240
32007
34877
33968
34388
34132
33895
35280
32719
32669
33610
32614
37613
45399
39938
35436
35589
33680
37141
32163
36252
37413
34690
34111
32315
30209
30207
30492
32144
31941
30420
30320
30994
31202
32455
33626
31723
32122
34008
34340
35777
35591
34711
30999
33218
31944
32088
30707
32750
34155
33125
34290
35259
34596
35328
33893
34236
33935
33842
32842
26312
33137
34019
32753
33193
31302
31946
32138
26509
33122
33460
32850
32891
31901
32488
32167
33065
33522
34191
26880
35254
34087
33409
35533
36030
35658
35184
32330
37212
34705
34443
34590
33581
33053
34638
35986
37243
36190
34923
34707
34456
34812
34562
37578
35177
34067
34204
34218
33907
34178
32327
33726
33843
33741
34195
36051
34311
33539
33536
32683
33165
33754
33410
32718
33246
32932
33457
33196
33222
33285
32459
31270
30290
30256
29615
31312
31077
30127
30769
31995
31584
32842
33957
30966
29908
28614
30899
30454
33531
32328
32856
33528
32263
24168
28520
31255
31535
32262
33245
33131
33199
31304
31192
30872
31032
30957
31330
31649
31870
36517
36477
35972
37116
37782
37804
37726
32392
35542
38657
35847
33651
33895
28128
32342
33904
33059
32961
33763
34206
33526
34195
35003
36617
38546
38402
38117
37396
37330
36059
36699
36772
34281
33464
33878
34893
35168
35742
32644
32959
33796
33424
33418
33534
37750
45676
36426
34970
35574
33884
33302
34633
32724
33403
31892
31422
31352
31610
28168
28976
25176
32195
33791
26779
25995
32128
34228
34932
33998
36875
35176
35184
34677
34694
34506
34598
36898
33900
33057
33521
34054
32172
32724
32795
31279
32575
31072
30392
33791
33700
32740
28976
33819
34268
33805
31794
35983
38922
37245
36133
35376
33190
36854
32413
36292
35573
37008
35296
33880
32141
33203
34414
32130
32085
33527
32939
32608
32757
33119
33016
33946
34502
33544
31889
31901
31722
30666
31931
32061
31420
30905
30080
29665
29241
29255
29460
30282
27685
26621
25447
25968
28740
29330
29749
30736
30329
29897
28554
28564
21610
27544
29040
28676
28607
28336
28457
27937
20113
29691
29013
31274
30986
31064
28768
26590
26662
26321
26238
27444
26228
26308
26753
27897
23659
30548
29135
29271
29764
29588
23215
32110
28958
30633
29139
30521
29780
30480
30353
33907
33752
33645
32650
32869
32408
31346
31651
31171
31917
29898
31055
30716
27288
27492
28201
28640
28476
26300
25661
26822
30153
25448
27907
28029
28661
28350
28868
29729
28975
29079
28680
29134
23553
28683
27870
28541
30582
31853
34568
34376
35423
33718
33841
34299
34455
33113
32663
35025
31437
32468
32255
31521
22630
28559
29874
34653
41704
33205
31673
32076
31955
32112
31541
30829
32263
32521
32139
31935
32156
34842
33833
30898
29000
29543
24179
34259
29167
32552
31004
30992
32033
24824
31139
32156
30863
30604
30501
30911
32050
33178
32921
30050
29350
32158
32603
32410
31393
31757
29746
30189
30568
28456
31497
29284
29491
30314
28042
28046
29597
27109
29901
30598
32108
31468
30602
32283
28579
27898
28477
30894
32312
30492
32251
32825
33488
33096
31699
26566
33156
35226
35960
33643
34121
33546
33826
34277
32952
30719
30278
32578
29564
30089
29394
29243
29103
20137
30091
29190
28854
29836
29854
29764
30712
29448
26127
27673
28250
28379
28371
28038
23796
24601
30649
28413
29083
29082
28659
30845
30328
31654
21698
32023
32072
23468
31066
29010
30456
31409
30824
32201
31391
34722
35962
35615
34393
32520
32372
21579
19719
29487
28844
29991
30031
29042
30591
30882
31420
31427
31220
31265
30659
32766
33956
32664
29883
28591
28638
28529
28943
30645
32125
33047
34079
32684
33002
33138
34698
34489
34556
33906
30686
29759
30742
32018
31844
31249
31463
34468
33421
33917
35055
34795
37582
33120
34914
36827
33341
34872
34160
33332
32122
30686
28059
30429
30825
32224
32272
33199
33104
33198
31604
31699
31660
30805
32843
32694
38632
43392
36902
33467
34634
30831
30821
32452
31230
30167
30845
31988
32143
29365
29445
30506
29329
28921
29473
27634
29482
33508
31510
31819
34580
30781
30656
31097
31139
31580
31037
35155
34442
22728
28983
32840
30699
31549
27676
30481
27531
31373
29073
30920
30340
24252
28623
31091
30877
31239
31418
32119
31783
33398
34413
33757
34229
34899
35528
36741
33645
32417
30897
32096
31055
30895
32415
24620
31643
32083
32705
33329
33911
33530
32614
32423
32839
31013
33187
31120
31651
32397
31303
31957
32860
32476
33377
32175
36060
36215
36323
35534
36250
37532
37656
35140
35399
33426
32821
32353
34777
34655
34531
34484
34391
31908
32395
33364
32849
32052
30530
30475
30719
30283
30688
31700
33310
36448
34931
35416
36024
32995
34067
32184
30538
31848
32419
32567
32901
32877
31440
27726
31302
32198
32144
30274
29666
29404
30501
30521
31324
31873
31833
31873
31754
31848
31946
31429
31981
33153
33726
32648
32486
32468
31781
32305
24301
30475
28576
29806
27783
28071
28243
28922
29099
29977
29750
27656
26841
27905
27481
25703
28781
30154
31538
29913
29764
31585
28225
27468
26486
25616
27372
31531
31997
29868
32665
33413
32239
30004
30161
30359
30673
30899
30134
32768
32240
33374
32885
30764
30441
36940
44875
39408
33139
34791
34894
34277
34695
34523
34454
34465
35326
34691
34827
35259
34821
34568
34474
33007
32439
32247
31559
31512
31449
32714
32638
32668
32496
31169
31763
30720
31252
31399
32607
29844
31992
32361
32793
33525
32592
32816
28280
27684
28969
30506
29546
29155
28528
27303
27158
27773
26867
27685
30417
32197
31818
32445
34851
34881
35180
35445
35459
35841
35656
35413
32438
31920
32173
31847
32404
32758
35177
32411
31215
30908
30527
30647
32390
32562
33040
33244
31652
31653
30821
31500
31689
31986
31104
30954
30732
30589
30500
30642
30335
28925
30199
29896
30701
31416
32774
32942
33268
33487
33022
33072
33694
33928
33192
33571
33951
34408
34222
33977
34142
33679
33752
33719
33719
33874
25671
34888
34797
34744
34375
34552
34432
34092
34017
34325
34105
34820
34423
37998
36864
34487
32973
36585
34402
23885
30791
31814
32891
33612
33208
30275
30029
29199
29686
29884
30273
29940
29550
29152
29544
29738
32036
32571
32765
33086
31843
31908
27744
26870
28424
29010
26110
25606
25007
25640
29555
29447
29416
29228
25814
31316
31468
31021
31650
30691
30466
30432
31202
31208
30839
31190
31063
30022
31468
30596
28567
30027
32686
33122
33831
30735
31324
31410
32809
33936
33519
31844
35083
41700
37510
33974
34418
31867
31247
32613
34325
33538
33277
30650
31525
31436
31560
31728
32191
33130
32342
32384
33087
34731
35221
36082
36624
33352
33657
31822
31466
32360
32506
33028
32600
31230
32395
32423
32000
31145
31410
30909
30841
30779
31666
31044
31460
31141
30728
31365
31405
32116
34588
34310
35309
34344
31482
30893
30542
32160
32737
34356
33517
34168
33798
33530
33167
34571
34422
33816
34189
33897
33797
34871
34493
35241
33923
33970
33611
35097
33737
33640
33414
33043
34163
33653
35647
33632
34022
33792
33351
35178
33207
33189
33724
34494
32986
33461
34951
33224
32318
35757
32136
31876
30600
32277
35062
34049
33096
34506
34630
34041
33524
32592
34547
33622
33464
34841
35950
32696
31510
34309
33859
35082
36112
34973
35647
34990
34148
35599
35416
32452
35126
34633
34430
34021
34114
34671
34512
31775
31552
36151
35103
35093
33535
36740
34243
35235
34970
34862
36403
35958
33144
31411
34441
34159
34994
34592
34401
32466
31614
31789
31359
31658
31541
31454
31223
30481
30785
30837
31114
30991
31382
36351
35829
32317
34059
33147
33238
32841
34264
35789
33455
32769
32412
33121
32235
24460
32777
34125
31815
32107
32251
31899
34109
35504
30337
30322
29572
30712
32179
31976
32000
34819
44387
37822
34577
33992
34071
33858
35985
36255
36195
33497
35145
35257
35027
34031
33266
33469
34013
33462
33279
33120
33888
33374
34508
34306
34453
34367
32869
33075
32560
33174
33505
35284
34208
33150
33093
34182
35056
35037
35182
35408
35812
35806
33827
33836
33919
34434
35760
38187
38579
39712
38201
38112
37040
36620
36362
37139
36928
36941
37579
38069
40145
38202
38233
35552
35512
35241
35274
35592
34845
34107
33209
33366
33419
33745
33187
34575
35847
35723
34141
33606
35450
33121
34010
33350
34252
34346
34142
34093
33312
33379
33244
33206
32564
33052
33167
32461
30732
29442
29383
30112
29305
29682
29696
30681
30843
30156
30149
30200
29194
30542
31852
31050
31402
31762
31879
31194
31719
31946
30652
30903
30667
31631
31537
30790
31071
30166
32085
32059
32428
32003
32459
36469
31885
31581
32029
33962
34969
34669
33745
33431
33295
33361
35331
33501
32908
33374
33183
33835
33225
33258
33764
32736
32891
33496
32631
32831
32388
32741
33829
30668
30939
30520
29892
29828
29987
29795
29017
28867
28770
28967
28993
29442
30717
30974
30319
30714
30589
29720
29779
29804
29874
30010
30328
30808
30450
30356
30640
31538
31342
31176
29394
29131
30046
30879
31293
31730
31489
30422
30465
29515
33583
43551
38338
34107
33092
31972
31534
33369
32875
33317
32903
32581
33082
33101
33448
32973
31468
31591
31455
35030
35251
34811
33977
33847
34196
33963
36128
35986
35349
35274
33230
31835
31668
31406
31608
31708
32014
31650
34485
34833
34075
34842
35225
34812
34454
34723
34605
34956
34837
35427
35778
35463
36175
35950
34123
33293
33750
33350
33165
33913
34089
33947
34971
32874
30276
31172
32105
31700
32236
30891
34596
34489
34190
34077
34131
34937
34679
35360
35516
35398
36168
35764
33757
34610
34860
36520
37551
36648
36058
35301
35202
35786
35519
35144
34852
35517
35257
36224
31450
30707
31212
32950
31260
31210
30449
29427
30816
31141
29804
30887
30393
30360
31296
31893
33004
33142
32852
32437
32520
32652
31822
31530
31718
31398
33674
34194
33566
33634
33587
33625
33918
34451
34076
34280
33388
33236
33767
33870
34002
33993
32861
32103
31821
32104
32442
34041
33094
32978
34117
35790
35690
35670
35898
35799
35036
34418
33818
34077
32126
33817
32758
32783
33549
33444
33589
33056
33094
32969
33661
36136
35802
35372
35643
34612
33560
33745
31880
31654
31504
32030
36016
37273
35658
35050
35724
35981
34155
35955
34054
36403
34011
33799
34213
34020
35699
33418
34135
33897
33372
33150
36243
43462
37322
33406
33559
33775
34029
33157
33889
34815
35593
31747
32858
33488
34757
36537
34241
34133
35132
35250
37665
36955
36081
38735
38603
37803
37997
38221
40947
41074
38847
37624
34600
34520
33360
33451
34240
34867
34474
35733
35506
35876
36998
39362
40653
40015
38865
38668
37587
37215
37038
38418
37194
37880
38369
38531
38394
38235
38571
38254
37668
38138
29100
35865
36851
37093
37311
37359
37287
37322
37372
37307
37619
37051
36755
36837
37725
38099
38240
38781
38921
38704
29203
38952
37782
36416
38444
40382
40252
39918
38979
38090
25357
36520
37205
36430
39553
39360
39960
39719
39359
39324
39420
39120
39434
38591
39290
38507
36496
37322
37105
36336
37193
37806
37262
37063
38825
35390
36331
36982
37578
36307
35777
37459
36244
35388
34874
34623
34983
34644
34250
34548
35007
35122
35217
34483
34405
34565
32056
34424
34114
34498
33424
32808
36103
34310
33621
34532
34752
34632
35004
35325
34657
34223
32327
31578
30537
30944
30419
31283
31573
32523
33238
33775
33863
35444
33564
32760
32762
31532
31620
31784
31191
33289
32731
33787
34712
34183
35295
34255
34103
36139
30619
29717
31546
32790
33292
32473
32924
32958
