0
0
7997
5017
5612
6353
6799
8180
11857
7973
6991
5157
5222
3961
5423
6210
6737
5839
5589
6430
6588
4988
4631
5191
5292
6698
7554
8502
4394
4502
4588
5798
6667
4924
6399
6643
4303
3936
3672
6211
6837
8213
5808
6708
6064
7806
16877
5238
5584
3717
5146
7333
8112
5097
5759
4322
4214
5471
8229
5227
5576
5822
6256
7265
5524
10062
4241
6480
14689
5798
6976
7505
6702
4593
4872
4716
7192
6768
8101
8747
6254
7294
5778
3610
18823
3299
4158
5863
7505
5225
6976
7882
6819
9174
7309
6629
6818
7562
6181
4539
8475
6879
5478
14902
6296
7716
7909
5906
2894
5183
4898
19690
6930
8211
10234
17893
9534
9956
6518
6617
4368
7201
14697
7037
6583
7703
6187
6618
8046
7296
7528
8707
6551
5744
7873
9208
5753
5712
8636
7254
6338
6022
4245
8190
3999
9479
5700
3713
5979
9034
5485
5601
6642
6444
7394
10842
7739
7452
4169
8435
12793
9389
8869
7196
7450
7297
5362
7115
8082
8174
5307
6046
5634
5908
4801
5455
6721
4706
5679
8835
7551
5595
3907
6863
5609
4480
13398
5380
9714
6535
7331
8745
7206
8055
5093
7926
5048
6932
17752
7345
11835
12972
14355
6376
8140
7513
6578
9232
8359
8691
8860
9767
9412
7436
7524
7766
8771
11954
12832
5661
7235
6291
4472
8600
9126
8684
9215
10340
6401
7192
5591
8852
8586
6864
4792
4252
7979
4838
7558
7922
8460
7587
10447
9468
8631
7312
7007
6961
7905
9547
7671
9635
6085
6424
8401
20009
7074
7266
5914
7633
9279
7962
6505
10966
8604
6742
8585
6943
8284
6385
9099
7908
6339
4975
13296
5818
4622
8218
6687
8503
6604
9019
4286
6078
10389
8260
9214
7671
5916
8112
6284
9987
7335
13331
7226
13936
6955
7552
6555
8250
6973
7390
5552
8394
7971
7889
7814
6563
8907
5942
8319
8970
11777
4292
5425
5472
4867
6072
8577
8708
7902
7718
5502
9672
9225
7534
9607
7164
6953
6320
5337
13200
10669
9731
5627
8673
5683
8182
6703
7685
6804
6704
8610
5923
5987
7101
5744
7202
7586
4211
7485
7393
6847
5740
7912
8864
5405
11473
6411
5719
4808
7598
7158
6195
5173
6366
6446
7297
5536
11038
8580
11621
9242
6125
7289
5327
7028
8898
6482
6601
8906
7673
5902
6376
7369
6126
7630
10074
9362
7996
6093
6115
8304
8134
9006
5490
7915
6516
4546
7292
8403
22199
3195
17667
6253
9467
17029
8044
5636
6358
6350
7283
6585
7439
7597
7881
3769
6010
4968
5620
11760
7248
5259
7769
8551
15381
8739
5293
5745
5320
4860
10280
7889
8127
7817
5802
4622
6130
8215
5106
4022
6353
7492
7582
20987
8964
10281
6487
5031
5584
6752
6352
8283
5610
8032
4632
8053
7925
8720
6788
8964
6789
7157
13641
9059
7278
7970
5274
9753
3948
6320
5376
7108
7021
6621
5403
5714
9431
7994
8151
6409
6816
17311
6898
7512
4305
6951
7815
5735
9344
7302
6579
4622
10640
5746
7126
10518
7084
6889
5211
8757
10843
8299
6890
6443
8154
6977
9545
7095
7787
5357
7436
9581
6213
9935
6786
9033
7794
12393
8480
14055
9226
7790
5671
3969
3353
7966
10101
8604
4071
5123
5419
4817
6038
6777
8785
7657
7783
8330
15054
9579
7184
5325
6663
5558
6862
6356
6095
6369
8801
10277
8752
11047
7923
6161
4713
6789
9221
11682
6045
6738
5789
6664
7881
10085
6074
7898
7377
7854
7735
5177
18008
14322
4825
4948
8755
8701
18680
12929
9683
8978
9262
8012
8017
5571
10143
5324
6293
8341
7172
7020
3724
4085
5508
4991
6319
12605
5009
6539
7594
6625
12130
8626
15688
9276
7716
8000
9916
7138
5140
7984
7561
5882
5557
4692
9615
11323
7787
7529
7417
9845
7736
8329
9203
10668
10412
7832
6354
6591
7299
9610
9399
6890
6056
10747
9898
6086
7874
11288
5643
7408
7178
9637
9223
11473
6314
6773
7418
14308
9344
8517
7987
7049
10064
7791
10798
8794
6515
6478
6452
7961
8939
8876
9404
8573
6189
4666
18981
8784
5929
5809
9917
15578
9180
8566
8467
9203
7299
8542
10482
5215
6583
7507
9536
7771
5304
9785
6238
6715
7909
7754
6727
4374
5413
8002
5375
8118
7952
10934
6702
7061
7941
6889
6456
5156
7318
5738
6471
6251
6297
5715
7958
4280
9282
8714
7165
6453
6595
5866
7799
7687
6186
6359
12647
10116
7671
8345
9240
8710
3704
6879
5964
6536
7727
8419
4867
6617
3419
6690
5592
5806
3981
7193
6447
4162
5456
5489
6642
12956
5583
5198
5747
6903
6078
6306
5979
6329
6942
3133
5538
6764
6017
8566
6262
7921
4883
5848
7697
6563
5450
5146
4351
4113
5459
6758
7561
5590
6241
3255
10080
9249
8227
7358
6426
6779
6974
9254
9002
8057
4157
6571
4815
5723
7035
5624
8400
7640
9039
6978
5764
9588
7218
12931
10074
8379
8590
9002
8980
6975
8001
3905
5761
7836
6525
7191
5396
7184
8910
7441
11267
7918
6397
5390
8074
5962
7878
4756
3753
6153
5337
6898
8394
7488
6211
5813
6007
4502
5769
10259
6510
3296
6764
6989
8270
7704
7423
9689
8176
5821
3657
6991
8439
12720
8862
10287
6849
7820
21771
11069
4631
10734
6758
11343
11261
9379
9974
10358
6232
8315
9498
9757
17882
10288
12277
12240
11582
11642
10659
6675
8184
5321
7809
5771
6090
5932
7859
5607
9623
6335
9645
11813
7949
7782
4737
4420
12653
8065
6119
8447
8445
8946
8931
7240
9218
5629
4784
6219
6411
19881
7682
6016
5734
8424
6757
16218
4077
4253
6861
7134
9011
5858
5699
8184
7709
8541
7460
7043
9353
4359
4963
4420
7646
9471
7972
7006
6184
4320
6116
6515
5723
6859
7334
9057
5281
5005
7296
7987
10341
7333
7989
9160
7149
5098
6537
6010
5603
7548
6821
6272
8748
5312
3889
5167
5397
7819
7755
11166
6084
3000
7144
6822
4282
5224
5929
8027
6553
5151
5895
7326
6228
3557
6155
7171
6507
9392
9426
7535
5573
7475
7933
7470
8603
5720
6550
6264
5218
5923
6509
7691
10707
8139
7888
8855
9858
19936
7734
6371
7573
8643
2759
4408
5218
6032
7205
7010
7255
8600
6357
5745
6424
4940
6570
7164
12067
7423
10171
9471
7272
4320
6460
5569
6621
7308
6448
7213
9423
10196
11975
6315
8404
7906
9695
6929
7596
8662
9906
8858
5490
5155
6849
12060
7497
6760
5074
9676
12814
4891
7543
8575
5604
4432
5419
5448
7501
6138
7925
8070
3725
5683
6166
8435
6445
6589
4107
3381
6148
9854
8723
9279
8079
5753
8589
13676
7312
9834
9454
6250
7573
10113
6378
7311
8182
5974
8307
12951
8917
6900
9529
8350
5360
7814
9552
11707
10023
7648
5202
10846
10871
7613
9102
8693
7665
8640
8650
6543
6780
5654
6035
6369
6527
10688
8731
6254
8870
9159
6699
7201
9830
7492
8981
8575
8024
8405
7933
7738
6096
9150
6758
5255
4482
5180
6884
6903
8566
8599
8389
12395
6775
8213
12213
10888
14739
7391
5913
8088
9223
6738
10171
7272
9528
8246
7740
8370
9681
11001
5372
5022
7305
9288
8993
14100
3718
8061
6133
7503
6698
8486
11083
5809
5663
6164
6089
10220
7179
7705
8943
8844
7080
7687
11724
6982
11191
8162
18046
7068
8408
8103
8256
9431
7333
8247
8621
7071
8010
8749
16289
8213
7210
8532
8910
5330
7501
6887
6192
8305
7982
8252
10457
7279
9593
7087
6773
7207
8146
6944
8002
6884
5723
6315
7332
8682
7770
6496
6869
7584
8085
6125
4200
6820
6881
8367
12315
6641
9050
8754
9950
7262
9685
9072
8186
8750
5068
4824
7393
7525
9265
10294
7130
7630
7604
7732
8192
8423
7440
9224
7587
10661
11778
9251
11355
4034
6869
12533
8250
13323
13373
9324
8725
9719
14659
10648
8139
7830
8281
13293
8942
8470
9433
9874
9256
8461
9884
7553
12645
10605
9312
7704
7789
9537
6609
8044
7030
8004
6724
7811
8636
8130
7627
9422
10939
9115
10692
13032
7804
11656
8737
6604
6144
8017
9850
9348
8806
6660
6198
6547
7084
8342
8260
6551
6090
6975
18115
8889
7461
7384
6300
6252
7840
8459
5733
6721
8057
9968
7925
5599
8942
7389
7609
6915
7980
9332
8228
7049
7420
6845
7066
5768
11685
12826
9052
11627
8383
10020
11188
7041
10718
12251
6135
11845
14683
7670
8838
9080
6480
6657
6236
10673
8966
8749
8966
8702
11313
9356
14363
9408
9748
9372
9930
12880
7079
7730
7120
7558
10062
7729
8545
8752
7000
8499
10116
9180
9292
12457
11937
10951
15070
12292
10978
8788
12897
6210
7149
6969
8412
8606
6413
6763
7220
7375
5706
2220
10843
7474
3915
3321
3461
4324
6731
7411
6169
6382
9144
6746
6776
7198
6346
9572
7764
6012
8049
17123
6753
6110
5156
7801
6056
5444
5749
5610
6619
4209
3795
3259
15498
4200
4043
5847
5282
7139
7067
7114
6561
4730
5137
4756
5064
5279
4981
5681
4565
5677
3628
5597
5575
5296
4883
5955
6146
7946
6701
7253
6831
6100
7203
7799
8407
6850
7853
6785
7345
4980
5476
5416
5516
5329
6557
6214
4908
8790
5038
5717
8399
8255
7225
7265
9118
8524
8653
5672
6043
9308
5774
7143
6646
6314
9789
8079
5353
4620
5599
8915
8041
7408
5889
7924
7902
7014
7316
6218
9651
7230
6635
5601
3633
4588
5962
5766
5505
5077
4268
5429
4392
5903
7467
8617
4922
4493
6008
7444
7310
7930
5445
6995
4891
4412
4851
4294
4413
3993
5772
7085
2691
4538
3407
4712
6204
5360
12713
6693
7478
3424
5922
6462
8315
4985
5890
7002
6297
5199
4139
4757
2094
4036
4697
5239
4395
6630
5691
5982
4457
8999
10474
5888
8293
5694
5800
6095
7375
6141
6621
7253
3086
3046
3166
5232
21219
12430
14563
6961
12824
6830
5468
7456
5587
7056
5934
8766
5945
5660
7027
8703
4888
4605
3792
3614
4653
5422
5495
5245
7646
2718
5251
4541
6367
5575
5830
5835
5831
8843
6586
8263
5571
5750
6175
4860
5670
4858
4296
8022
5309
5527
4666
6372
6016
5003
5305
6237
9157
2431
6298
5489
7293
8704
6703
5334
5450
4059
4184
7673
4854
5328
6639
7545
8234
7811
4653
8739
3528
6733
6716
6120
9147
9171
4826
5681
4235
6651
4935
6322
4809
6523
6452
5812
5551
3255
14795
5409
5507
5176
5122
5785
4947
4087
6067
6522
4494
6494
6562
4955
2406
2422
5762
5206
7991
8240
4671
5425
4355
3016
3623
5296
4636
4226
6397
3495
4092
4726
5541
6345
6412
6637
5221
4389
7655
6965
10917
3922
2615
3849
7256
5187
6484
6501
5433
5573
7198
4506
6691
6461
5220
4648
3625
7845
7399
6225
4765
5465
6226
4986
4890
5227
5366
9026
6110
5205
5300
5944
7210
6161
5358
4471
10762
4023
4783
4857
4341
5776
5215
6081
4608
4224
4142
3389
4187
2998
5966
6759
3949
4851
8507
5465
4551
4364
4065
3287
4425
3236
4430
4694
4782
4211
5858
3985
5375
6059
3909
13496
9207
15151
7456
9986
8793
7112
10642
8574
9217
7859
6584
12251
8943
8336
8961
8876
7024
5803
5945
7162
9248
6646
8403
8170
5912
8480
8767
6683
10501
6991
14365
4981
4162
6787
8108
13528
5322
6626
6002
4546
6564
5802
7807
3883
4456
5631
4913
6910
8635
8027
8201
6409
6234
9173
10979
8488
6898
6052
9654
9070
7197
6469
9485
10001
6676
5879
3640
5849
7895
4241
6033
4623
5958
6141
5032
7684
4849
5444
5039
4975
5838
6209
7430
5286
8846
7168
6409
13882
9531
8177
6680
11812
5239
6352
8094
7640
5417
9354
6232
7236
7632
8745
7396
6037
6319
7106
8589
6367
7431
5887
8601
6188
5837
6812
9067
7780
6558
6310
7418
6471
13461
7679
9154
5538
8481
9256
9316
8432
7704
4942
5520
6615
8053
7050
11627
6272
6315
5075
7201
11277
6377
7051
6968
8158
5336
5835
6232
9418
11491
7979
10457
9663
8831
8843
5197
3943
4299
6521
12629
5199
7433
5131
6419
4298
5386
8821
4419
5023
5787
7684
7079
6548
6937
5504
5942
5840
7321
9576
4847
4955
5926
5409
5766
5539
6141
5598
6152
4237
5580
4286
5431
7595
6561
7329
7888
5203
7112
4229
6798
5066
5853
11307
9559
7936
9971
16485
10339
10139
9551
9295
13320
10183
9096
9886
10853
7782
7795
12610
9504
9189
11944
6331
8042
9644
8555
10345
7289
7682
6005
11290
7337
6740
8565
7146
5149
6556
5020
7933
10096
5664
6767
7368
9525
11107
9797
8262
10358
8326
7979
8095
5714
9632
9583
5522
7261
6677
8792
8998
9549
8587
11090
9587
7717
9764
5610
7339
7497
6923
7267
8284
8633
10193
6688
10904
7579
7968
7813
10789
6588
6664
11520
18589
9590
10662
10034
9440
10076
10870
9622
9028
12144
8478
7266
7629
6535
7321
8013
7138
6537
10021
10119
11153
9191
9712
8949
8532
10021
10785
6360
8214
8389
9031
8761
8719
10178
9704
6753
7375
5275
11613
7002
7752
7126
7037
12071
6140
7368
6128
6579
6876
5583
6800
8688
8172
6634
5081
5976
4087
5500
5205
7380
5859
7111
4836
6595
5895
6714
6249
9616
4892
5911
7918
7935
6991
8315
5898
7274
5512
6938
9075
10790
4800
5552
4873
6323
4890
4773
5501
4912
4299
4030
7492
4345
6214
6239
9704
6479
4967
10813
7772
10460
7815
5326
12535
5788
7439
8006
6718
7801
6285
9761
6732
5479
5732
7964
5403
6712
6913
5200
6177
4416
10312
15861
15861
10739
7798
10069
9362
9333
8317
8076
8887
7837
8626
8677
5966
8329
7859
9615
7854
9440
8654
10116
17645
8087
7843
6974
7351
7881
7203
9324
9730
8184
5276
5991
6963
6883
11156
8514
7719
8510
7842
11382
8586
11687
10709
9375
8544
7315
8092
9004
12028
7344
9542
9650
14785
9488
9638
9520
10165
11092
10580
7550
6672
6189
6293
8557
7796
9237
7341
8931
7299
9400
10138
8898
7070
9632
8491
7352
11246
9099
6408
10729
7441
8537
6880
8257
7165
8040
8442
7941
8677
7627
8180
13044
5726
4902
9058
7890
7034
5620
6971
6974
6355
6041
6942
9346
9019
8342
5167
8564
7803
10462
12809
6498
6122
6348
7536
6459
7251
7140
10098
7611
5930
7736
9024
8993
12301
7151
8106
8123
7291
11989
13756
6917
7185
6844
7310
6888
6556
8605
6804
7429
7058
8660
6755
10797
7330
8842
6776
7385
9761
7051
8470
10433
7864
7808
9629
7118
9971
10793
4885
4311
6344
6848
9777
7036
6416
5641
8572
6490
6458
5509
9100
6668
6744
8199
5877
7658
10766
7651
6331
9657
8175
15005
3993
11953
6484
9107
6570
6276
10027
9390
6239
5670
7243
7560
7322
8006
4751
7637
7659
8027
23698
9724
10964
9633
8308
5612
8875
8637
9202
8302
8381
5934
6889
7595
7069
6689
7659
7232
8249
8059
8470
6265
8919
7262
4495
5256
7682
6437
7221
7872
9027
8039
11117
13970
7685
10736
6973
9385
9477
7003
9958
12276
8391
9338
7809
8918
7510
8321
8079
11920
8019
7225
11679
10898
7252
8799
8283
6702
7038
7819
8326
8342
8610
14064
7176
8193
7793
9870
6403
7555
8733
8894
7743
7499
9776
7897
7284
8044
5827
7297
7611
8023
8337
8519
7746
8492
7039
7732
7286
12546
15154
7546
8449
7224
8295
6644
6009
5878
6627
7922
5770
7001
6575
7220
7603
6700
4075
6482
5688
7153
6923
7468
6007
7118
8027
8123
7590
6704
7311
8306
7207
6891
7028
11590
7545
7064
7922
6085
7091
5720
7354
8227
5852
5918
6450
5829
6256
14166
7033
6975
6745
8103
7161
7074
7525
7512
7579
5755
6589
8031
5971
6929
4738
8383
6963
5682
11593
5601
6647
7032
6214
12475
7272
8180
7528
10243
5212
6419
6636
6594
7411
6748
6679
8353
7660
7731
6237
5701
7212
6228
8672
7386
6707
7247
6194
5126
6943
6245
6825
7834
7182
6229
6791
7280
9713
8257
7502
8308
5819
6683
13898
10768
13894
7329
9415
8290
6524
8758
9343
7966
6763
7248
10515
7243
8397
8149
6297
8341
7705
10552
7327
6894
8179
7047
6699
9255
11229
7196
6280
5749
7049
17003
7535
8381
7244
7883
10048
9506
8501
6907
10660
8343
9880
8038
11946
10032
9680
7741
6640
9294
8649
8252
7410
8364
7846
10102
6970
6587
8892
8661
9684
7722
6549
7590
23625
10687
7102
6685
8797
7589
7666
7970
10164
10510
9349
7914
7603
8615
6358
7836
6689
6729
6917
13120
8043
7915
8559
8143
6043
8690
11618
8767
8661
10135
10350
8895
8335
9577
9459
11470
6909
8534
11565
7756
6433
6982
8093
7519
7709
6524
5951
8246
12870
6641
7796
7412
10637
9733
5629
8670
8631
6758
6925
7109
11287
5690
9648
7942
6109
8104
7011
8787
6244
8456
7414
10364
6361
7695
7373
8394
7993
8862
8788
8113
7783
8391
10038
9766
9529
12470
10004
13646
7053
7102
11961
10014
8128
7784
8905
7513
8163
6784
8390
19068
7428
8381
7709
8454
10684
6156
11759
8281
8932
9316
9491
7664
7911
6318
12901
8404
7318
8366
10184
6429
8614
8448
8767
18443
7499
8472
7041
8673
8094
7329
7316
8929
6237
6991
6130
8228
9569
22466
11011
8352
9311
6313
9746
6812
10366
10574
6021
7890
6420
8219
8039
6976
8361
6397
6055
8670
9729
8594
7029
8180
8339
8488
7602
7580
8651
8246
9501
7613
7299
6932
7436
8286
8739
7341
6988
11243
6457
6283
7007
6238
7638
6579
7624
8857
9479
13239
7927
8948
7329
9704
8623
8475
7512
6917
23615
18849
7530
6098
8310
9225
7627
8906
11044
7768
9104
10032
8105
8985
12200
11974
9172
10881
7221
15477
8549
9997
7955
8323
7331
6923
7414
8368
9780
7377
6320
7476
7693
4147
6562
9960
8376
8542
10190
6517
8394
9358
8912
9422
7268
7571
6133
12726
10007
7884
6919
5813
8304
7897
9226
8949
7775
8882
6774
11107
7831
7584
7982
7957
7218
5822
6210
6742
5840
7052
7412
10082
10975
7092
5836
6442
8355
6676
8403
6461
9146
7465
6169
7161
5554
6245
5598
5024
6208
6905
8360
7290
7251
5967
6482
6286
5607
6241
4759
6743
6005
6220
5295
6333
10888
7988
8590
8521
8939
12401
7849
8551
8641
9999
9371
7699
8200
5283
7104
7082
7712
7430
9219
10869
6787
7460
8044
9073
14202
7197
7735
