0
0
4476
8515
5012
7797
8698
6025
3895
6177
5837
6312
5985
3704
3991
5659
2084
4579
5448
2699
1019
2228
3528
3025
2298
1880
5322
2944
5639
3202
6392
2052
3414
4527
3540
2448
5396
4438
3130
4449
3485
5152
5065
1906
4802
2985
4369
2276
3518
4388
3960
3976
3216
4858
1711
1999
7896
2531
1318
2971
5097
3743
4399
7487
1222
4312
7632
6376
2775
2241
5682
4252
3556
4352
1765
6948
2443
2234
2994
5793
2179
3866
2487
5079
4944
5462
1980
3916
3228
3867
2271
4168
6757
3473
4059
2337
5764
3892
3523
3078
7178
4376
2355
3181
7235
3972
3529
3371
3377
4353
2165
3930
3771
3596
1566
4973
7995
2344
1343
1381
3297
3905
3460
839
3284
4206
3691
2040
2484
6524
4094
5703
1794
1935
5901
1886
1821
3587
6008
2746
1260
2069
3769
5104
1666
1700
2742
3173
4752
2415
1366
1823
2461
3038
1869
2817
3106
2749
3723
5128
5896
2773
4557
7100
4364
3738
3339
5552
4929
5648
2725
3565
2795
3111
1721
1514
2178
3926
1982
1997
2655
2317
2783
3151
2931
2849
2098
1526
2780
1562
1719
3180
3888
3552
836
3347
1912
4577
1337
3260
1991
2930
2800
2062
4082
2155
6108
2709
4091
3216
4190
3397
2844
1451
5651
5737
2974
1515
3626
1902
3120
3133
1797
2154
3564
1570
3659
4838
2548
1798
3176
2532
2367
2696
2389
1773
2322
1763
1745
3848
2302
6400
2725
2410
5007
4189
1581
1140
2456
4057
3449
1790
1692
4222
3053
3366
2370
2104
2656
5042
3485
3604
3367
5004
3341
4323
2281
2433
4583
4104
2967
1896
4008
2384
2438
3646
2958
2334
1957
3467
2375
1842
1223
2246
4706
3150
3464
1764
3567
3668
4943
3544
3422
3289
2772
1501
3476
3422
1935
2760
2124
2802
2704
2582
3383
2388
5602
2356
2558
4710
4996
4554
1543
1251
2673
3320
2576
2433
3533
3792
3102
5383
3677
3627
3844
3154
4181
3491
2610
1392
1689
2100
5337
2896
1888
1637
2261
2083
4495
3724
3004
1203
2256
3448
2506
2115
1904
2411
2289
1437
1457
3367
4418
4651
1981
2267
2287
1840
3796
2218
2282
2332
4223
2127
2999
3783
2049
2467
2900
2001
2375
1707
5909
668
4879
3956
2967
2116
2425
2031
2958
3705
3305
3677
3172
4345
1067
3952
2518
3491
1662
1132
3166
1837
5383
2461
3949
1441
1225
2115
2422
916
851
1445
2746
1586
2581
2254
3501
1411
1905
2014
3447
1603
2568
2842
2099
2306
1275
3732
2050
1199
1930
2799
2085
1265
1568
1978
3435
2105
1394
3001
2376
2083
2933
2538
1165
2255
2086
1835
779
3323
2383
1522
2300
2737
3352
3422
475
3124
3155
3096
482
3064
2167
2670
5198
3315
3972
3386
1011
4314
2882
2757
698
2904
2393
2318
2787
3166
2767
3068
2263
1829
1547
2454
2214
5332
1963
3883
1844
1813
1498
3677
3641
2719
6365
5417
611
3022
4486
600
782
4057
2147
827
1906
2809
3055
1774
2200
2403
2243
2650
1963
4531
3006
4401
3748
3910
2426
3211
2726
3072
3469
1166
6263
3788
5743
2076
2492
4634
3540
1209
528
4019
3969
1957
489
2137
1852
1220
1356
1727
1604
2297
2079
1450
1396
387
4702
1102
1271
442
2691
1507
1525
1908
3043
4921
1840
2201
3703
2726
2632
1613
2805
2449
2588
1882
2760
1887
2719
2207
2425
2523
3094
1930
1066
1726
4262
1771
1045
3200
3165
1963
1675
3170
2176
1285
3779
3051
2770
1560
545
4555
1865
4117
766
1631
2651
2457
2571
2721
4105
3021
3850
1607
3481
3462
2564
1473
2339
1236
930
1559
2465
1985
1643
1353
2575
2082
5386
1293
1118
3520
4912
1415
3550
2813
5113
2233
5597
3902
5721
1959
1787
2011
5122
3248
1649
1803
4671
2778
2060
1882
3057
2747
2565
1917
1733
2030
3960
3656
3760
2479
1376
2996
2469
2711
2031
4839
2128
2043
2202
3519
1681
1818
1836
4375
3329
2484
5067
4128
4361
1704
3103
3658
2955
1983
3425
3129
1726
2853
2189
3002
2940
1504
3355
1632
2288
1648
3536
2445
1966
2769
5810
2288
2937
1830
2043
1845
2256
2832
2712
1291
4549
4137
2802
2978
3007
2560
2451
4066
3432
2138
2464
4977
1369
3348
2500
3844
1162
2185
910
2600
2682
2196
762
2642
2103
3558
3397
4523
3362
5035
3602
1237
5133
2152
5010
1082
4283
2769
2537
3093
3499
2031
2110
3386
4504
1296
2660
1876
4090
1759
2372
1362
2337
3842
4583
2384
2506
4421
2119
2255
3369
2808
1097
2054
2321
2581
2553
4004
2844
2067
2303
2006
4587
6458
2587
2218
2576
5643
2560
1201
2163
704
2103
1213
986
553
1578
2498
767
2763
1955
3472
2307
3727
771
3180
1698
4381
1375
2765
2814
3318
3259
1562
2978
2456
2539
2931
2026
2458
3603
5080
2589
4424
2020
5382
1227
2831
3661
4315
1190
2168
2765
3497
4931
3660
5125
1845
5261
4745
488
1456
4589
3688
539
1215
2642
1636
2709
2037
3287
2046
2255
1616
2379
2831
4143
3170
1585
2526
2978
1938
2917
1632
2252
3272
3915
1743
926
3775
3229
2605
852
2706
651
4688
2350
3092
635
3619
1608
1224
5486
3219
1732
1568
3013
2222
1648
2821
2528
4164
2975
1553
2679
5739
2931
2241
2085
1657
4291
2046
3516
1996
4391
3246
3108
2317
3813
2965
3829
2099
4299
1669
4530
3137
2641
3738
2103
3447
2723
3949
2073
3812
3083
595
2522
3804
2414
739
1759
3256
2187
1972
4077
1886
2102
3439
5539
4135
2220
5449
2217
1665
3065
3619
2087
1171
3234
3452
1573
1388
2919
1943
2590
2584
2597
2389
4199
2443
2726
4469
2546
3442
1125
3547
1986
4346
1729
2171
3669
2374
3390
2262
904
584
2190
3439
1275
608
1959
5670
3114
4137
3808
1980
3559
5920
3186
1244
653
4860
1755
1753
476
3482
2438
3244
2232
5542
5543
1908
3327
1587
4960
1119
2446
930
4619
3037
2736
920
5334
4905
3601
1902
2914
2590
2923
1289
1418
3164
2982
1883
2383
2093
3248
3782
3973
1578
3914
3029
2049
2687
5559
1593
1652
5084
3848
2487
2060
1762
4552
3302
2074
2040
1896
3428
1881
3091
4285
5308
6169
5329
1978
4797
4060
5618
4247
2633
2548
3915
5620
2511
2976
4620
2662
4374
4332
2197
1229
7387
3129
1217
1209
4187
3269
1077
1742
2718
4542
891
3852
3402
4460
1481
2505
2073
699
3618
3678
1692
958
1265
4627
4634
3083
2028
4213
3364
3292
3190
676
3163
2955
2458
939
6142
2282
1473
4367
6066
2885
4529
3764
4625
2902
2960
1686
3005
3013
2092
1665
2787
2466
4710
3953
4187
4411
2788
2234
2296
3558
2075
4602
2274
2668
2735
2761
1065
1099
956
3191
1105
1004
695
5274
3943
1929
2936
2705
2019
2230
2820
2444
2528
3012
4630
2814
3178
2416
3149
2957
4512
737
2938
2822
3100
660
3304
3412
2569
2623
4305
3564
2677
3004
2438
4187
2139
3561
2441
2133
1901
3455
1671
3162
4583
3056
3466
3341
3324
2758
908
2143
4031
2727
750
3885
6119
3863
2811
3331
2676
3766
3314
4211
2479
3725
3636
3695
2810
5996
2145
3472
2679
1170
1771
3332
2800
1163
1367
4180
3603
837
2543
5069
3832
2142
2518
2179
932
2493
3478
2027
988
3387
2288
2380
3361
1874
5705
1906
2280
3078
2431
2358
2170
3210
1990
2111
2622
6105
1744
2470
2324
4034
3099
6680
2867
4939
1428
4133
2340
3979
1203
5766
2429
3208
3557
4169
2362
2536
2927
3527
1941
2784
2683
2304
2076
2186
2867
3535
3142
2434
3355
5693
2573
2290
4238
3989
3081
4798
2039
2644
2012
3706
3141
3099
4773
2955
4232
4396
2335
1783
3191
758
3592
3524
5496
834
5089
2834
5637
2920
3854
1380
1241
3302
1983
1681
1137
5476
1905
1195
1333
3132
4727
3275
1244
4617
4479
2992
6078
5010
4231
1222
2895
4161
1025
1057
988
921
1046
4265
2372
1044
1052
6516
1903
3995
856
2579
839
4101
2778
2980
3535
1493
3349
4022
5663
2663
4428
3667
3968
2768
3647
3710
4510
2135
3117
2700
4356
3620
3920
2460
2575
2935
4552
4307
1715
2449
3813
4066
3219
2506
728
2616
2732
1147
1284
3533
3556
1077
1621
5352
4517
3748
1885
4698
3252
4136
2969
5116
4552
3711
3626
4857
2228
5446
5555
1397
2180
6174
5009
1273
2624
3206
2922
671
4123
665
2425
1859
1301
889
2856
1108
1501
4161
4765
1284
3703
3146
3296
2220
746
780
1690
1201
1251
1449
1322
813
3140
5295
1418
4019
1381
1093
1454
1814
1806
1258
1071
1663
2653
2890
2422
6571
1510
2283
2446
1087
4565
1326
1174
1257
1595
2629
3978
3182
1754
2067
945
4301
1235
854
1641
3519
1513
1303
1724
1571
2609
1218
965
1494
3737
1162
1400
969
3417
2726
1249
1109
3899
2151
3478
1039
1135
3659
1694
2485
1281
2281
1436
1426
3392
1084
1432
1459
1046
1587
1456
1096
1068
1327
2241
1240
1112
1234
1167
1977
2906
2191
1471
4762
4743
855
1083
1851
2031
1520
1360
2601
3919
1313
945
1094
3640
1526
6074
1069
1539
1483
2221
796
2375
5287
3203
964
714
905
889
1680
2025
1344
514
1396
1089
606
728
1828
2385
597
2524
1843
2166
671
1929
1685
4394
1214
1969
1198
943
3064
908
1976
2356
2921
1245
1692
957
1462
2853
922
3794
3375
2011
1972
5601
1449
1312
1455
3350
1311
790
696
2678
2154
3113
1187
1118
2242
3202
681
1067
1166
1077
1631
1226
2921
952
1629
1375
1278
1376
2677
2372
674
3796
4154
2651
1028
1152
1043
1220
2799
1828
1828
3493
1266
2283
1302
1104
1078
1215
2158
1223
1684
1419
669
1408
1220
2954
1788
1562
1445
1469
2123
1466
1137
1273
1080
2053
1486
1320
924
1238
2305
991
1822
1885
1358
1373
2466
1373
2925
2606
3141
1495
3005
3684
1319
1172
2261
3260
5277
2381
3103
3129
855
1218
1066
1456
1392
5846
840
1676
1244
7929
1017
2701
1871
1274
3384
2735
1150
1007
1075
2463
4483
1201
1131
1357
2005
1301
1286
1626
2392
2460
1179
1403
5834
4739
2748
4917
5091
1833
1660
794
3248
1843
1711
801
940
2189
967
1933
1171
908
5178
734
1622
2201
2451
1965
3166
1166
1445
2050
1277
1126
2435
662
2023
1330
841
1221
1816
1306
1195
1778
2401
5322
2249
1490
3045
3207
1012
1198
1799
961
3395
1377
930
1166
3634
1109
1159
2221
1641
3247
1113
2060
1660
2326
1588
1531
902
739
1537
1616
1176
1116
2581
4684
2296
2446
2309
1442
3292
1499
6348
2131
1499
1559
2926
2083
2923
2624
3804
1908
1880
1849
4073
1031
1158
2462
1337
1666
5781
1609
1452
4658
1019
1329
1404
2346
600
2896
4864
4274
637
3255
2377
3481
570
2584
2508
3245
903
2815
5960
2727
1338
2572
7595
2663
1487
851
3765
6658
1344
1092
1336
6128
2629
1444
1143
6512
4500
1186
2000
3455
3666
350
4184
2893
4372
761
2656
5892
7073
2426
2465
1692
3202
1863
715
2061
4193
1160
796
4122
3588
730
565
989
4519
877
2203
828
1411
725
4020
2465
1207
2882
3426
2534
2792
3456
3812
3928
902
6667
3578
2902
917
5435
5063
4284
1206
5643
3179
3286
1038
3516
3498
3190
1042
1221
2300
4272
1560
959
2135
4861
1393
1392
5275
1232
913
797
4785
1064
2678
3892
3324
3312
2314
4035
3339
2555
1174
4513
5206
3977
1029
3242
2850
4893
631
948
3198
1575
2502
971
1119
1791
3116
3095
1034
3238
724
5207
3521
2433
651
3654
1045
2250
2700
3791
1007
3776
3575
4543
5614
3999
4234
3630
5868
611
3418
2819
1390
515
3328
5815
1074
5004
2679
4580
5332
1921
2759
2910
2230
1973
2068
3554
2741
1071
1062
2943
1231
1301
585
4609
890
817
639
1353
3252
903
3179
2461
794
3425
2942
3599
1465
1125
2683
3367
485
665
2493
2148
2703
4694
3624
1002
3466
3682
1157
1013
3403
1217
1118
2917
3845
1264
2554
1027
5858
4161
2227
995
4232
5109
3167
1410
2171
1234
3189
2113
3481
393
1253
2439
4871
353
1288
1286
6322
1006
4725
1531
5605
2162
2337
3794
3843
2316
2658
1778
1239
2775
2842
1608
1291
2108
2863
3476
2688
4538
4230
3466
5710
4619
2875
4190
4580
2235
3736
4766
2618
3145
2847
3098
2688
5586
2907
1463
5674
5647
1307
1314
4965
2791
1037
3383
3096
2696
1786
4974
4569
4308
1071
6301
4777
2207
5819
5546
595
1939
4625
4730
589
1106
5322
5990
6586
778
3327
818
763
3526
1060
958
1675
1355
1208
2279
2220
2286
5716
3364
1819
2129
3044
7231
3691
6837
6053
5945
4232
915
4987
1201
3989
907
1884
959
4766
1760
1503
2574
2442
1997
4501
3016
1877
1244
4286
3988
4713
763
3264
758
7043
4248
4928
880
1067
2025
1101
4497
1170
2454
2232
3445
4011
1605
1243
3425
1686
1014
2649
2646
1472
1883
953
768
546
2531
930
1231
832
4434
5360
800
1282
5802
2998
696
2307
747
690
2715
1195
810
790
2258
795
2966
4271
1144
1389
1227
4078
3496
4443
2297
5088
3732
7055
5003
2608
4614
686
4884
2295
5254
940
6681
796
5353
1155
5990
1634
948
1856
3492
1121
776
2903
2640
2385
4189
3145
4457
1943
4847
4431
894
4154
4050
2741
1802
2438
5008
2882
1610
2392
5662
2758
3020
3519
3462
4044
3799
3387
4822
3874
6019
1160
6442
2323
4266
1850
7383
5496
2827
1998
5485
963
2974
1260
3614
991
3562
7062
1376
3633
4526
3203
1340
2516
5611
2412
2307
3687
4222
3440
2600
3767
5810
1728
2305
5678
4421
1808
3321
4410
2835
2982
5179
4872
1085
2142
5312
3472
1241
2581
6514
2194
3854
1627
4369
2506
2453
1440
3862
2990
2081
3282
3881
1505
1620
4416
3432
1186
3230
4116
4608
1141
2830
3908
1002
1226
2385
4481
1287
3637
5631
4704
4009
3291
2912
2727
2515
3738
4684
2381
2096
3069
4526
3927
4675
3804
1089
3037
1275
5717
970
708
2338
5913
2993
952
906
3087
5075
3916
3178
3898
4684
1470
3831
7321
2944
1250
4191
3357
2240
4305
5126
4551
984
2092
5405
4184
1269
650
4303
2446
3697
1010
4511
2097
642
1889
3627
3020
2558
1652
2173
3050
417
1736
2251
2502
2880
2846
3943
3194
4338
3715
5766
4212
2588
4142
2459
4566
4621
2531
2857
4994
3603
2294
2406
2360
4145
4860
5812
3002
5896
4616
4002
2583
3461
5138
4238
2529
2594
7418
6756
3203
1126
3868
7668
3559
1035
4144
3433
871
1765
3502
2582
860
1799
4094
4016
3745
3923
1888
3716
3538
2548
1342
4247
4227
3612
2426
3345
3585
3005
2518
2747
2742
2014
3293
2583
3219
3459
3151
4405
2753
2500
3260
3409
2479
2744
2038
2615
5845
1448
1899
4073
3508
1047
2572
2494
2902
5231
2601
2834
3884
5048
3446
1099
3420
4236
3720
866
5360
4547
4871
1891
5137
6089
3398
2233
3057
3151
5265
4825
2710
3735
3650
3535
4661
2755
3135
2564
5288
4190
1969
2309
2053
4327
1280
6270
3260
4131
1594
4910
2258
3933
1866
4527
4065
5543
6177
2601
1202
3156
3300
4315
1227
4632
3289
4829
6646
1905
5034
2576
5919
1845
5113
2033
2526
2112
4062
1902
2950
3907
3200
2240
4860
3959
3691
4125
2057
3635
2590
2245
3154
2718
580
2282
3135
834
539
5819
3278
760
1392
4949
2697
1163
4071
5751
2952
1262
3839
3102
2622
2777
2094
2226
4084
5336
3092
6621
3277
3869
824
4900
4341
2747
3287
2478
3002
1366
5535
1816
2815
1912
4653
2079
4387
3146
3639
1343
810
3174
4161
1920
813
2652
3752
2915
4282
2643
4786
2955
1137
5107
4633
2659
1081
5356
5358
2260
2972
4345
3345
3918
4977
2348
3743
2338
4113
2818
5079
4236
3372
4258
5108
4790
3355
3168
3641
4091
5576
2654
2129
2945
3433
4737
2334
2627
4428
4493
2933
2351
3094
4444
3010
3251
2778
4754
5619
2681
3905
4586
3065
4005
2043
5037
3357
4756
2898
2569
3387
3787
1162
1712
955
3825
1051
4755
832
2975
2140
4370
3496
4713
2482
4245
4587
4406
2587
5514
5272
3412
2289
2358
3860
3342
4075
2636
3141
4305
1474
1103
3231
2290
3498
1061
4140
2856
3054
2337
4105
2503
3542
2494
2245
4297
2551
1340
3964
3067
4440
4770
4929
2899
4560
5900
4782
5585
4389
4591
3505
3428
3082
3945
2911
3142
2510
3497
4113
4130
3353
2616
3126
3895
3563
2452
3214
3337
7038
3447
1940
4113
1146
3277
3334
3727
970
3403
4568
5517
750
3360
4130
4366
4937
4186
4474
2997
3956
764
4183
1540
1967
428
2107
2946
3824
2571
2985
3074
2657
3550
1475
3642
2262
2599
1248
3116
4759
2499
3405
3429
5576
1967
5888
2900
4035
2174
4070
4058
4164
3465
4936
2469
2610
2818
5470
4657
3510
6931
4788
3153
4746
4130
4557
4343
4224
3226
4363
4277
4150
3962
4404
4849
4023
4716
5551
4090
3220
5145
4286
3574
2307
1905
4333
4171
3682
2440
2425
4620
3655
3839
3719
2690
5468
4371
3045
3641
4129
3702
4303
3563
3868
2252
3923
5073
4662
4580
4111
2153
3807
2606
4187
334
5551
3330
5298
501
3095
3330
4383
5845
3706
6041
2259
4166
3316
2250
3643
3635
2915
2108
2212
2395
4181
1741
3401
3360
3804
1116
581
2480
3712
2461
246
2857
5194
2720
693
6117
5568
2921
2293
2117
2115
6797
2460
1985
3003
3740
2829
3815
3288
3872
4363
2290
3129
4905
2233
2063
3557
3855
3405
2560
4500
1830
3905
2663
3388
1882
3340
2923
3618
2123
4314
3223
3726
2825
2485
2604
5101
1734
3049
3519
2389
1895
3688
3668
646
2573
2104
2658
835
3013
1803
612
3837
3311
1144
697
4022
