0.7684984351
0.80475018386
0.9905923661290322
1.0
1.0
1.0
1.0
1.0
1.0
1.0
1.0
1.0
1.0
0.9999419703225806
1.0
1.0
0.9998884651612904
1.0
1.0
1.0
1.0
1.0
1.0
1.0
1.0
1.0
0.9998884206451614
1.0
1.0
1.0
1.0
1.0
1.0
1.0
1.0
1.0
1.0
1.0
1.0
1.0
1.0
1.0
1.0
1.0
1.0
1.0
1.0
1.0
1.0
1.0
1.0
1.0
1.0
1.0
1.0
1.0
1.0
1.0
1.0
1.0
0.9998501429032258
1.0
1.0
1.0
0.9999729193548387
1.0
1.0
1.0
0.9998957548387097
1.0
1.0
0.9999883893548387
1.0
1.0
1.0
0.9999883893548387
1.0
1.0
0.9999038996774193
0.9999883893548387
1.0
1.0
0.9999883848387097
1.0
1.0
1.0
1.0
1.0
1.0
1.0
1.0
1.0
1.0
0.9997192706451613
1.0
0.9999729193548387
1.0
1.0
1.0
0.9998193548387097
1.0
1.0
1.0
0.9808490119354839
0.9998038709677419
0.9998039493548386
1.0
1.0
1.0
1.0
1.0
1.0
1.0
1.0
0.9989098596774194
1.0
0.9997039006451613
1.0
1.0
1.0
1.0
1.0
0.9997346529032258
1.0
1.0
0.9999420167741936
1.0
1.0
0.9999729087096775
1.0
1.0
1.0
0.9999883893548387
0.9787030448387097
0.9999812583870968
1.0
0.978583645483871
1.0
1.0
1.0
0.9778709677419355
1.0
1.0
0.9880814874193549
1.0
1.0
1.0
0.9998884206451614
0.9991502377419356
0.9997039006451613
1.0
0.999765454516129
0.97312977
1.0
1.0
0.9999265838709678
0.9998501429032258
1.0
1.0
1.0
0.9999883893548387
1.0
0.9599079725806452
0.8600525054838709
0.8563357032258064
0.857491383548387
0.9961424541935484
1.0
0.9329687041935484
0.8576601212903227
0.8576572629032257
0.9957544641935484
1.0
1.0
1.0
1.0
1.0
0.92197935174
0.992838993548387
0.999919379032258
1.0
0.9999038229032258
1.0
0.9999193467741936
0.9827439796774193
1.0
1.0
0.9910591058064515
0.9999193467741936
1.0
1.0
1.0
1.0
1.0
1.0
1.0
0.9998500225806451
1.0
1.0
0.8395474251612903
0.06776379581999994
0.9032492667741935
1.0
1.0
1.0
1.0
0.9996988125806452
1.0
1.0
0.9999111632258065
1.0
0.9995040196774194
1.0
1.0
1.0
0.9998038709677419
1.0
1.0
0.9997883870967742
1.0
1.0
0.9999265838709678
1.0
1.0
1.0
0.9999574448387096
0.9998192825806452
1.0
0.9997039006451613
1.0
1.0
1.0
0.77246490384
0.9918507977419355
1.0
1.0
1.0
1.0
1.0
1.0
0.9998193548387097
0.9999883893548387
1.0
1.0
1.0
0.9428012038709678
0.8841837770967742
0.9671021912903225
1.0
1.0
1.0
0.9996884183870969
1.0
0.9998038709677419
0.9998038709677419
0.9967419225806452
0.8557791403225807
0.9969401661290322
1.0
0.9999193467741936
1.0
0.9607757925806453
0.8920304891399999
0.829681805483871
0.8246830877419354
0.81952772436
0.9913170216129031
1.0
0.8982664032258064
0.8793623864516128
0.9902166529032258
0.9997963874193548
0.9999883893548387
0.9998193548387097
1.0
1.0
0.9999812509677419
1.0
1.0
1.0
1.0
1.0
1.0
0.9968119393548388
1.0
1.0
1.0
0.9998193548387097
1.0
1.0
1.0
1.0
0.9997039006451613
1.0
0.9912743890322581
1.0
1.0
1.0
1.0
1.0
1.0
1.0
0.9999729087096775
1.0
0.9998038709677419
1.0
1.0
1.0
1.0
1.0
1.0
1.0
1.0
1.0
1.0
1.0
1.0
1.0
1.0
1.0
1.0
0.9996346193548387
1.0
1.0
1.0
1.0
1.0
1.0
1.0
1.0
1.0
1.0
1.0
1.0
1.0
1.0
0.9998038709677419
0.9999954932258065
1.0
1.0
1.0
1.0
1.0
0.9999729193548387
1.0
1.0
1.0
1.0
1.0
1.0
0.9945907593548388
0.9999729193548387
1.0
1.0
1.0
0.9998884206451614
1.0
1.0
1.0
0.9998038709677419
1.0
1.0
0.9999883893548387
0.9933562635483871
1.0
1.0
0.9997578067741936
1.0
0.9998576329032258
0.9998576329032258
1.0
0.9999883941935485
0.9999883893548387
0.9969271274193549
0.999919314516129
1.0
1.0
0.9998575761290323
1.0
0.9999038612903226
0.9999883941935485
1.0
0.9831558780645161
0.9998039493548386
1.0
1.0
0.9999574619354838
1.0
1.0
0.9999753205199999
1.0
1.0
1.0
1.0
1.0
1.0
0.99993478
0.9965984748387098
1.0
0.9998883758064516
0.3071824687096774
0.9667673574193548
1.0
1.0
1.0
1.0
1.0
0.9999111277419355
0.9999657480645161
0.9999883893548387
1.0
1.0
1.0
1.0
1.0
1.0
1.0
0.9999419935483872
1.0
1.0
0.9999883893548387
1.0
1.0
1.0
1.0
1.0
1.0
1.0
0.9998038709677419
1.0
0.9998956716129033
1.0
1.0
1.0
0.9999038612903226
0.9998883758064516
1.0
1.0
1.0
1.0
1.0
1.0
1.0
1.0
1.0
1.0
0.9999502580645161
1.0
1.0
1.0
0.9999883941935485
1.0
1.0
1.0
1.0
1.0
1.0
1.0
1.0
1.0
1.0
1.0
0.9999729193548387
0.99997727772
1.0
1.0
0.9997883870967742
1.0
0.9999728977419354
1.0
1.0
1.0
1.0
0.9831079641935484
0.9968417867741936
0.9891878083870969
1.0
1.0
1.0
0.9999657480645161
0.9702704880645162
0.9333535664516129
0.9458770251612904
0.9503957274193549
0.9522299664516128
0.9964681893548387
1.0
1.0
1.0
1.0
1.0
1.0
1.0
0.9999883893548387
1.0
1.0
1.0
1.0
1.0
1.0
1.0
0.9999502380645161
1.0
1.0
1.0
1.0
0.9999038612903226
1.0
1.0
1.0
1.0
0.9999420167741936
1.0
0.9998655912903226
1.0
1.0
1.0
1.0
1.0
1.0
1.0
1.0
1.0
1.0
1.0
1.0
1.0
1.0
1.0
1.0
1.0
0.9999800499999999
1.0
1.0
1.0
1.0
1.0
1.0
0.9999111277419355
1.0
0.9999967661290322
1.0
1.0
0.9999420167741936
1.0
1.0
1.0
0.9997883870967742
1.0
1.0
1.0
1.0
0.9999967661290322
1.0
1.0
1.0
1.0
1.0
1.0
0.9999038612903226
1.0
0.9999812583870968
1.0
1.0
1.0
1.0
0.9998655912903226
1.0
0.9930760196774193
1.0
1.0
1.0
1.0
1.0
1.0
1.0
1.0
1.0
0.9999729193548387
0.9996653380645161
1.0
1.0
0.9998038709677419
0.9997423477419355
1.0
1.0
1.0
0.9996346193548387
1.0
0.9999265838709678
1.0
1.0
1.0
1.0
0.99996734694
0.9999883893548387
1.0
0.9998956716129033
1.0
1.0
1.0
0.24615650516129028
0.9874605125806453
1.0
1.0
0.9998192825806452
1.0
1.0
1.0
0.9997883870967742
1.0
0.9999883848387097
1.0
1.0
1.0
1.0
1.0
0.9999038612903226
1.0
0.9999812509677419
0.9998038709677419
1.0
1.0
1.0
1.0
1.0
1.0
1.0
1.0
1.0
1.0
0.9999574619354838
1.0
1.0
1.0
1.0
1.0
1.0
1.0
1.0
1.0
1.0
1.0
1.0
1.0
1.0
1.0
1.0
1.0
0.9999574619354838
1.0
1.0
1.0
1.0
1.0
0.9999502580645161
1.0
1.0
1.0
1.0
1.0
1.0
1.0
1.0
1.0
1.0
1.0
1.0
0.9999729193548387
1.0
1.0
0.9998192825806452
1.0
1.0
1.0
0.99993478
1.0
1.0
1.0
0.9999420167741936
1.0
1.0
0.9999265838709678
1.0
0.99992751
1.0
1.0
1.0
0.9999883893548387
1.0
0.9999680031999999
1.0
1.0
1.0
1.0
1.0
1.0
1.0
1.0
1.0
1.0
1.0
1.0
1.0
1.0
1.0
1.0
0.9999729193548387
1.0
0.9999812509677419
1.0
1.0
1.0
1.0
1.0
1.0
0.999834706451613
1.0
1.0
1.0
1.0
1.0
1.0
1.0
1.0
0.9999038612903226
1.0
1.0
1.0
1.0
1.0
1.0
1.0
1.0
1.0
1.0
1.0
0.9998347725806451
1.0
1.0
1.0
1.0
1.0
0.9999119764516129
1.0
1.0
0.9999420167741936
1.0
1.0
1.0
1.0
1.0
1.0
1.0
1.0
0.9998884206451614
1.0
1.0
0.998850092580645
1.0
1.0
1.0
1.0
1.0
1.0
1.0
1.0
0.9999502580645161
1.0
1.0
1.0
1.0
1.0
1.0
1.0
0.9999883893548387
1.0
1.0
1.0
1.0
1.0
1.0
1.0
1.0
1.0
1.0
1.0
1.0
1.0
1.0
1.0
1.0
1.0
1.0
1.0
1.0
0.9999657480645161
1.0
1.0
1.0
1.0
1.0
0.4651976383870968
0.9401895938709677
0.9998118306451613
1.0
1.0
1.0
1.0
1.0
1.0
1.0
1.0
1.0
1.0
1.0
0.9998575190322581
0.99997727772
1.0
1.0
1.0
1.0
1.0
0.9999729193548387
1.0
1.0
1.0
1.0
1.0
1.0
1.0
1.0
1.0
1.0
1.0
0.99993478
1.0
1.0
1.0
1.0
1.0
1.0
1.0
1.0
1.0
1.0
1.0
1.0
1.0
0.99995476072
1.0
0.9999971214400001
1.0
0.99998321342
1.0
1.0
1.0
1.0
0.9999029962999999
1.0
1.0
1.0
1.0
1.0
1.0
1.0
1.0
1.0
1.0
0.9998427542
1.0
1.0
1.0
0.9997884716129033
0.8823654622580646
0.8813556334599999
0.9862316993548387
1.0
0.9999729087096775
1.0
1.0
1.0
1.0
1.0
1.0
1.0
1.0
1.0
1.0
1.0
1.0
1.0
1.0
1.0
1.0
1.0
1.0
1.0
0.9996731974193548
1.0
1.0
0.9999111277419355
1.0
1.0
1.0
1.0
1.0
0.99993478
1.0
0.9996039503225806
0.9997883870967742
1.0
0.9999812583870968
1.0
1.0
1.0
1.0
1.0
1.0
1.0
1.0
1.0
1.0
1.0
1.0
1.0
1.0
1.0
0.9998421722580645
1.0
1.0
1.0
1.0
1.0
1.0
1.0
1.0
0.9999090108199999
1.0
0.9999883893548387
0.9999150145
1.0
1.0
0.99999184082
1.0
1.0
1.0
1.0
1.0
1.0
1.0
1.0
1.0
1.0
1.0
1.0
1.0
1.0
1.0
1.0
1.0
1.0
1.0
1.0
1.0
1.0
1.0
1.0
1.0
1.0
1.0
1.0
1.0
1.0
1.0
1.0
0.9998575761290323
1.0
1.0
1.0
1.0
1.0
1.0
1.0
1.0
1.0
1.0
0.9998378292
1.0
1.0
1.0
1.0
1.0
1.0
1.0
0.9998884206451614
1.0
1.0
1.0
1.0
0.9998884206451614
1.0
0.9999574619354838
0.15875213322580645
0.8966751164516129
0.999758814516129
1.0
0.9997609941935484
1.0
1.0
1.0
1.0
1.0
0.999880359032258
1.0
1.0
1.0
1.0
1.0
0.9999883848387097
1.0
0.9999111632258065
1.0
1.0
1.0
1.0
1.0
1.0
1.0
1.0
1.0
1.0
1.0
1.0
1.0
1.0
1.0
1.0
1.0
1.0
0.9998965258064517
1.0
1.0
1.0
0.9998655912903226
1.0
1.0
1.0
1.0
1.0
1.0
1.0
1.0
1.0
1.0
1.0
1.0
1.0
1.0
1.0
1.0
1.0
1.0
1.0
1.0
1.0
1.0
1.0
1.0
1.0
1.0
1.0
0.9999911964800001
1.0
0.99999441174
1.0
0.9999574448387096
1.0
1.0
1.0
1.0
1.0
0.9999954932258065
0.9998705387600001
1.0
1.0
0.9999924845
1.0
1.0
1.0
1.0
1.0
1.0
1.0
1.0
0.99999648
1.0
1.0
1.0
1.0
1.0
1.0
1.0
0.9999954951612903
1.0
1.0
1.0
0.99999648
0.9999420167741936
1.0
0.9998219354838709
0.9999800577419355
1.0
0.9999883893548387
1.0
0.9999883893548387
1.0
1.0
1.0
1.0
1.0
1.0
1.0
0.9999355715399999
1.0
1.0
1.0
1.0
1.0
1.0
1.0
1.0
1.0
1.0
1.0
1.0
1.0
1.0
1.0
0.9998655912903226
1.0
1.0
1.0
1.0
1.0
1.0
1.0
1.0
1.0
1.0
1.0
1.0
1.0
1.0
1.0
1.0
1.0
1.0
1.0
1.0
1.0
1.0
1.0
1.0
1.0
1.0
1.0
1.0
1.0
0.99997727772
1.0
0.9999954932258065
1.0
1.0
0.9998655912903226
0.99991545236
1.0
1.0
0.9998957548387097
1.0
1.0
0.9999375187799999
1.0
1.0
1.0
0.9999574619354838
1.0
1.0
1.0
1.0
0.99993478
1.0
0.9998965258064517
1.0
1.0
1.0
0.9999806167399999
1.0
0.9998296000000001
1.0
1.0
1.0
1.0
0.9826365780645162
0.24711361806451615
0.9530580103225806
1.0
1.0
1.0
1.0
1.0
1.0
0.9999503177419354
1.0
1.0
1.0
1.0
1.0
1.0
1.0
1.0
1.0
1.0
1.0
1.0
1.0
1.0
1.0
1.0
1.0
1.0
1.0
1.0
1.0
1.0
1.0
1.0
1.0
1.0
1.0
1.0
1.0
1.0
1.0
1.0
1.0
1.0
1.0
1.0
1.0
1.0
1.0
1.0
1.0
1.0
1.0
1.0
1.0
1.0
1.0
1.0
1.0
1.0
1.0
1.0
1.0
1.0
1.0
1.0
1.0
1.0
1.0
1.0
1.0
1.0
0.9998296000000001
0.9999131164
0.99998526084
0.9999355715399999
1.0
1.0
1.0
1.0
1.0
1.0
0.99991364774
0.99079880216
0.9950491382800001
0.99996734694
0.9999265838709678
1.0
1.0
1.0
0.9999657480645161
1.0
1.0
0.99999648
1.0
1.0
0.9998964903600001
1.0
1.0
1.0
1.0
1.0
1.0
1.0
1.0
1.0
1.0
1.0
0.99991447946
1.0
1.0
1.0
1.0
1.0
1.0
1.0
1.0
1.0
1.0
1.0
1.0
1.0
1.0
1.0
1.0
0.9999883941935485
1.0
1.0
1.0
1.0
0.999880359032258
1.0
1.0
1.0
1.0
1.0
1.0
1.0
1.0
1.0
1.0
1.0
1.0
1.0
1.0
1.0
1.0
1.0
1.0
1.0
1.0
1.0
0.99997264
1.0
1.0
1.0
0.9998758758799999
0.9999883893548387
0.9999038612903226
1.0
1.0
0.9996039503225806
1.0
1.0
0.9999038612903226
1.0
1.0
1.0
0.9999729193548387
1.0
1.0
1.0
1.0
1.0
1.0
1.0
0.9997003901199999
1.0
1.0
1.0
0.9999729193548387
1.0
1.0
1.0
0.9999420167741936
1.0
0.99993478
1.0
1.0
1.0
1.0
1.0
1.0
1.0
0.9999883893548387
1.0
1.0
1.0
1.0
1.0
1.0
1.0
0.11995172166000004
0.97920301316
0.9998477710199999
0.9999301765599999
0.99981404628
0.99996738956
1.0
1.0
0.99997264
0.99988260696
1.0
0.9999038722600001
1.0
0.99998256524
0.9999080496599999
1.0
1.0
1.0
1.0
1.0
1.0
1.0
1.0
1.0
1.0
1.0
1.0
1.0
1.0
1.0
1.0
0.9999706217000001
1.0
1.0
1.0
1.0
1.0
1.0
1.0
1.0
1.0
1.0
1.0
1.0
1.0
1.0
1.0
1.0
1.0
1.0
1.0
1.0
0.9999812509677419
1.0
1.0
1.0
1.0
1.0
1.0
1.0
1.0
1.0
1.0
1.0
0.9998729922580645
1.0
1.0
1.0
1.0
1.0
1.0
1.0
1.0
1.0
1.0
1.0
0.9999780096399999
1.0
1.0
1.0
1.0
0.99995475784
0.99995475784
1.0
1.0
1.0
1.0
1.0
1.0
1.0
1.0
1.0
1.0
1.0
1.0
1.0
1.0
1.0
1.0
1.0
1.0
1.0
1.0
1.0
1.0
1.0
1.0
1.0
1.0
1.0
1.0
1.0
1.0
0.9999883893548387
1.0
1.0
1.0
1.0
1.0
1.0
1.0
1.0
1.0
1.0
1.0
1.0
1.0
1.0
1.0
1.0
1.0
1.0
1.0
1.0
1.0
1.0
1.0
1.0
1.0
1.0
1.0
1.0
1.0
0.999832495
1.0
0.9999951952
1.0
0.99992698952
1.0
1.0
1.0
1.0
1.0
1.0
1.0
1.0
1.0
1.0
1.0
1.0
1.0
1.0
1.0
1.0
0.9998729922580645
1.0
1.0
1.0
0.9999729193548387
1.0
1.0
1.0
1.0
1.0
1.0
1.0
1.0
1.0
1.0
1.0
1.0
1.0
1.0
1.0
1.0
1.0
1.0
1.0
1.0
1.0
1.0
1.0
1.0
0.9999192822580646
1.0
0.9999883893548387
1.0
1.0
1.0
1.0
0.722358870967742
0.9999957467741936
1.0
1.0
1.0
1.0
1.0
1.0
1.0
1.0
1.0
1.0
1.0
1.0
1.0
1.0
1.0
1.0
1.0
0.9999883848387097
1.0
1.0
1.0
1.0
1.0
1.0
1.0
1.0
1.0
1.0
1.0
1.0
1.0
1.0
1.0
1.0
1.0
1.0
1.0
1.0
1.0
1.0
1.0
1.0
1.0
1.0
0.9998884206451614
1.0
1.0
1.0
1.0
1.0
1.0
1.0
1.0
1.0
1.0
1.0
1.0
0.9999585438709677
1.0
1.0
1.0
0.9999883893548387
1.0
1.0
1.0
1.0
1.0
1.0
1.0
1.0
1.0
1.0
1.0
1.0
1.0
1.0
0.9999883893548387
1.0
1.0
1.0
1.0
1.0
1.0
1.0
1.0
1.0
1.0
1.0
1.0
1.0
1.0
1.0
1.0
1.0
1.0
1.0
1.0
1.0
1.0
1.0
1.0
1.0
0.9999729087096775
1.0
1.0
1.0
1.0
1.0
1.0
0.9999585438709677
1.0
1.0
1.0
0.99994282854
1.0
1.0
1.0
1.0
1.0
1.0
1.0
1.0
1.0
0.9999038612903226
1.0
0.9998957548387097
1.0
1.0
1.0
1.0
1.0
1.0
1.0
1.0
1.0
1.0
1.0
1.0
1.0
0.9999024975
1.0
0.9999800577419355
0.99994946526
1.0
0.9999883893548387
1.0
1.0
1.0
1.0
1.0
1.0
1.0
1.0
0.9999193467741936
1.0
0.9997883870967742
1.0
1.0
1.0
1.0
1.0
0.9999883848387097
1.0
1.0
1.0
1.0
1.0
1.0
1.0
1.0
1.0
0.9999800577419355
0.9999967661290322
1.0
0.9999800577419355
1.0
1.0
0.99992563718
1.0
1.0
1.0
0.99998256524
1.0
0.9999657480645161
1.0
1.0
1.0
1.0
1.0
1.0
0.9999954951612903
1.0
0.9998964841935485
1.0
1.0
1.0
1.0
1.0
1.0
0.717980938064516
0.9840060135483871
1.0
1.0
1.0
1.0
0.9999937699600001
1.0
1.0
1.0
1.0
0.9999420167741936
1.0
1.0
1.0
1.0
1.0
1.0
1.0
1.0
1.0
1.0
1.0
1.0
1.0
1.0
1.0
1.0
1.0
1.0
1.0
1.0
1.0
1.0
1.0
1.0
1.0
1.0
1.0
0.999880359032258
1.0
1.0
1.0
1.0
1.0
1.0
1.0
1.0
1.0
1.0
1.0
0.9999753205199999
1.0
1.0
1.0
1.0
1.0
1.0
1.0
0.9999800577419355
1.0
1.0
0.9999967661290322
1.0
1.0
1.0
1.0
1.0
1.0
1.0
1.0
1.0
1.0
1.0
0.99998191638
1.0
1.0
1.0
1.0
1.0
1.0
1.0
1.0
1.0
1.0
1.0
1.0
0.9999967661290322
1.0
1.0
1.0
0.9997039006451613
1.0
0.9998038709677419
1.0
1.0
1.0
0.9999967661290322
1.0
0.999788705483871
1.0
1.0
1.0
1.0
1.0
1.0
1.0
1.0
1.0
1.0
0.99989186162
1.0
1.0
0.9999839631199999
1.0
1.0
0.9996653380645161
1.0
0.9999954967741935
1.0
1.0
0.9998575761290323
1.0
1.0
1.0
1.0
1.0
1.0
1.0
1.0
0.9999600681599999
1.0
1.0
1.0
1.0
1.0
1.0
1.0
1.0
1.0
1.0
1.0
1.0
1.0
1.0
1.0
1.0
1.0
1.0
1.0
1.0
1.0
1.0
1.0
1.0
1.0
1.0
1.0
1.0
1.0
1.0
1.0
1.0
1.0
1.0
1.0
1.0
1.0
1.0
1.0
1.0
1.0
1.0
1.0
1.0
1.0
1.0
1.0
1.0
1.0
0.9999806167399999
1.0
1.0
1.0
1.0
0.9999038612903226
0.9999354993999999
0.99988609034
1.0
1.0
1.0
1.0
1.0
1.0
1.0
1.0
1.0
0.9998883758064516
1.0
1.0
1.0
0.3949493896774194
0.94517149
1.0
0.9999613898
0.9999369135599999
1.0
1.0
1.0
1.0
1.0
1.0
1.0
1.0
1.0
0.99997329336
1.0
0.9999883893548387
1.0
0.9999883893548387
1.0
1.0
0.9999492200000001
1.0
1.0
0.9999896277419354
1.0
1.0
1.0
1.0
1.0
1.0
1.0
1.0
1.0
1.0
1.0
1.0
1.0
0.999880359032258
1.0
1.0
1.0
1.0
1.0
0.9999883893548387
1.0
1.0
1.0
1.0
1.0
1.0
1.0
1.0
1.0
0.99998720256
0.9999883893548387
0.9999883893548387
1.0
0.9999429977419355
1.0
1.0
0.9997039006451613
1.0
1.0
1.0
1.0
1.0
1.0
1.0
1.0
0.9999729193548387
1.0
1.0
1.0
1.0
1.0
1.0
1.0
1.0
1.0
0.99999184082
1.0
0.9999527615999999
1.0
1.0
1.0
1.0
1.0
0.9999038612903226
1.0
1.0
1.0
0.99999184082
1.0
1.0
1.0
0.9999954951612903
1.0
0.9999541035799999
1.0
1.0
1.0
1.0
1.0
1.0
1.0
0.9999883893548387
1.0
1.0
1.0
1.0
0.99999776224
1.0
1.0
1.0
1.0
1.0
1.0
1.0
1.0
1.0
0.9999979145800001
1.0
1.0
1.0
0.9999521073200001
0.9998884206451614
1.0
1.0
1.0
1.0
0.99999648
1.0
1.0
1.0
1.0
1.0
1.0
1.0
1.0
1.0
0.99999648
0.9999420167741936
1.0
1.0
1.0
1.0
1.0
1.0
1.0
1.0
1.0
1.0
1.0
1.0
1.0
1.0
1.0
1.0
1.0
1.0
1.0
1.0
1.0
1.0
1.0
1.0
1.0
0.9999111277419355
1.0
1.0
1.0
1.0
1.0
1.0
1.0
1.0
1.0
1.0
0.9998729922580645
1.0
1.0
0.9999193467741936
1.0
1.0
1.0
1.0
0.99993478
1.0
1.0
1.0
1.0
1.0
1.0
1.0
0.9999954987096774
1.0
1.0
1.0
1.0
1.0
0.5854837096774194
0.8763190396774193
1.0
0.9998932777419354
1.0
1.0
0.9999729193548387
0.999919314516129
1.0
1.0
0.9998038709677419
1.0
1.0
1.0
1.0
0.9999906780600001
1.0
1.0
1.0
0.9997808738709678
1.0
1.0
1.0
1.0
0.9999800577419355
1.0
1.0
1.0
1.0
1.0
1.0
1.0
1.0
1.0
1.0
1.0
1.0
1.0
1.0
1.0
1.0
1.0
1.0
1.0
1.0
1.0
1.0
1.0
1.0
1.0
1.0
1.0
1.0
1.0
1.0
1.0
1.0
1.0
1.0
1.0
1.0
1.0
1.0
0.9999729193548387
1.0
0.99988698706
1.0
0.99998450788
1.0
1.0
1.0
1.0
1.0
1.0
1.0
1.0
1.0
1.0
0.99999261786
1.0
1.0
1.0
1.0
1.0
1.0
1.0
1.0
1.0
1.0
1.0
1.0
1.0
1.0
1.0
1.0
1.0
1.0
1.0
0.9998343106451613
1.0
1.0
1.0
1.0
1.0
1.0
1.0
1.0
1.0
1.0
1.0
1.0
0.9999657480645161
1.0
1.0
1.0
1.0
1.0
1.0
1.0
1.0
1.0
1.0
1.0
1.0
1.0
1.0
1.0
1.0
1.0
1.0
1.0
0.9999967661290322
0.9999883893548387
1.0
1.0
1.0
1.0
1.0
1.0
1.0
0.9999574619354838
1.0
1.0
1.0
1.0
0.9997884716129033
1.0
0.9999729193548387
0.9999502580645161
1.0
1.0
0.9998079680399999
1.0
1.0
1.0
0.9999800499999999
1.0
0.99990712358
1.0
1.0
0.9998267116129033
1.0
1.0
1.0
1.0
1.0
1.0
1.0
1.0
0.9999502777419355
1.0
1.0
1.0
0.9999967661290322
1.0
1.0
1.0
1.0
1.0
1.0
1.0
1.0
1.0
1.0
1.0
1.0
0.9999883941935485
1.0
1.0
0.9999896319354838
1.0
1.0
1.0
1.0
1.0
1.0
1.0
1.0
1.0
0.9999420167741936
1.0
0.21001355387096782
0.92874646954
1.0
0.9999993554838709
1.0
1.0
0.9998965258064517
1.0
1.0
1.0
0.9999883893548387
0.9999420167741936
1.0
0.9999883893548387
1.0
0.9999878485
0.9999265838709678
1.0
1.0
0.99998256524
1.0
1.0
1.0
1.0
1.0
0.99994616614
0.9999883893548387
1.0
0.9999265838709678
1.0
1.0
0.9999585438709677
1.0
1.0
1.0
1.0
1.0
1.0
1.0
1.0
1.0
1.0
1.0
1.0
0.99992824106
1.0
0.9999502580645161
1.0
1.0
0.9999954951612903
1.0
1.0
1.0
1.0
1.0
1.0
1.0
0.9997039006451613
1.0
1.0
0.9999729193548387
1.0
1.0
1.0
1.0
0.9999574619354838
1.0
1.0
1.0
1.0
1.0
1.0
1.0
1.0
1.0
0.9999038612903226
1.0
1.0
1.0
1.0
0.9999883893548387
1.0
1.0
1.0
1.0
1.0
1.0
1.0
1.0
1.0
1.0
0.9999967661290322
1.0
1.0
1.0
1.0
1.0
1.0
0.999971986
1.0
0.999834706451613
1.0
1.0
1.0
1.0
1.0
1.0
1.0
1.0
1.0
0.9998937180599999
1.0
1.0
0.99993422684
1.0
1.0
1.0
1.0
1.0
1.0
1.0
0.99998978248
1.0
1.0
1.0
1.0
1.0
1.0
1.0
1.0
1.0
0.9998530954
1.0
1.0
1.0
0.9999111632258065
1.0
1.0
1.0
1.0
1.0
1.0
0.9999038612903226
1.0
1.0
1.0
1.0
1.0
1.0
1.0
1.0
1.0
1.0
1.0
0.9998511116129032
1.0
1.0
1.0
1.0
1.0
1.0
1.0
1.0
0.9999967648387097
1.0
1.0
1.0
1.0
1.0
1.0
1.0
1.0
1.0
1.0
1.0
1.0
0.99986090428
1.0
1.0
1.0
1.0
1.0
1.0
1.0
1.0
1.0
1.0
1.0
1.0
1.0
1.0
0.9999420167741936
1.0
1.0
1.0
1.0
1.0
1.0
1.0
1.0
1.0
0.9104101203225806
0.9104101203225806
1.0
0.9999792290799999
1.0
1.0
1.0
0.9999879651
1.0
0.9998985623000001
0.9999574101800001
1.0
1.0
0.99985167148
0.99991296334
0.99998720256
0.99989787234
0.9999660324399999
0.9620259706451614
0.9596229358064516
0.9792762280645162
1.0
1.0
1.0
1.0
0.9999883893548387
1.0
1.0
1.0
1.0
1.0
1.0
1.0
1.0
1.0
1.0
1.0
1.0
1.0
1.0
1.0
1.0
1.0
1.0
1.0
1.0
1.0
1.0
1.0
1.0
1.0
1.0
1.0
1.0
0.99997264
1.0
1.0
1.0
1.0
1.0
1.0
1.0
1.0
1.0
0.9998038709677419
1.0
1.0
1.0
1.0
1.0
1.0
1.0
1.0
1.0
1.0
1.0
1.0
1.0
1.0
1.0
1.0
1.0
1.0
1.0
1.0
1.0
1.0
1.0
1.0
1.0
1.0
1.0
1.0
1.0
1.0
1.0
0.9998729922580645
1.0
1.0
1.0
0.9998267806451613
1.0
1.0
1.0
1.0
1.0
1.0
1.0
1.0
1.0
1.0
1.0
1.0
1.0
1.0
1.0
1.0
1.0
1.0
1.0
0.9999878485
1.0
1.0
1.0
1.0
1.0
1.0
1.0
1.0
1.0
1.0
1.0
1.0
1.0
1.0
1.0
1.0
1.0
1.0
1.0
1.0
1.0
1.0
1.0
1.0
0.9998038709677419
1.0
0.99978068
1.0
1.0
1.0
1.0
1.0
1.0
1.0
0.9999448330999999
1.0
1.0
1.0
1.0
0.9999038612903226
1.0
0.9999729193548387
1.0
1.0
1.0
1.0
0.9999038612903226
1.0
1.0
1.0
1.0
1.0
1.0
1.0
1.0
1.0
1.0
1.0
1.0
0.9999038996774193
1.0
1.0
1.0
1.0
1.0
1.0
1.0
0.9999646329032258
1.0
1.0
0.9999883893548387
1.0
1.0
1.0
1.0
1.0
1.0
1.0
1.0
0.3573926319354839
0.8538652903225806
1.0
1.0
1.0
1.0
1.0
1.0
0.9996346193548387
0.9930177293548387
1.0
0.99901904
0.99268385804
0.9878307900000001
0.9560407532258064
0.976897069032258
0.9902527916129031
0.9907147780645161
0.9888727438709677
0.9881803251612903
0.9883780600000001
0.9997423477419355
1.0
1.0
0.9733695951612903
0.9055514551612903
0.9068815487096774
0.9035130622580645
0.9035633983870968
0.9691489258064517
1.0
1.0
1.0
1.0
1.0
0.9999265838709678
1.0
1.0
1.0
1.0
0.9999883893548387
1.0
1.0
0.9999502580645161
0.9982510222580645
1.0
0.9998038709677419
1.0
0.9998884206451614
1.0
0.999919314516129
0.9924855864516129
0.9882683870967742
0.9991347522580645
1.0
1.0
0.9998810525806452
1.0
1.0
1.0
1.0
0.9997039006451613
1.0
1.0
1.0
0.9922841238709678
0.9898785203225806
0.988538565483871
0.9881850525806452
0.9864444509677419
0.9866316593548388
0.9859612903225806
0.9948051612903226
1.0
1.0
1.0
1.0
1.0
1.0
1.0
1.0
0.9859698096774193
0.9998575190322581
1.0
1.0
0.9815037377599999
0.8915411305600001
0.88838187456
0.8886419832
0.8517724722580644
0.8510875612903226
0.9758920183870968
1.0
1.0
1.0
0.8770149619354838
0.8794953496774193
0.8594554838709677
0.8682125335483871
0.8694529032258065
0.8710780754838711
0.8893875641935484
0.8821735822580645
0.8754112412903226
0.8750641577419356
0.8728616335483871
0.8718671435483871
0.9875770832258064
0.9956273838709678
1.0
0.9999038612903226
1.0
1.0
1.0
1.0
1.0
1.0
1.0
0.9831713603225806
0.978660844516129
1.0
1.0
1.0
1.0
1.0
1.0
1.0
1.0
0.9999115924599999
1.0
1.0
1.0
1.0
1.0
1.0
1.0
1.0
1.0
1.0
1.0
1.0
1.0
1.0
0.9999193467741936
1.0
1.0
1.0
1.0
0.9996039503225806
1.0
1.0
1.0
1.0
0.9999111632258065
1.0
1.0
1.0
0.9999680031999999
1.0
1.0
1.0
0.9998884206451614
1.0
1.0
1.0
0.9997883870967742
1.0
1.0
1.0
1.0
1.0
0.9997730848387096
1.0
1.0
1.0
1.0
1.0
1.0
1.0
1.0
1.0
1.0
1.0
1.0
0.9998655912903226
1.0
0.9999336324599999
1.0
1.0
