0
0
19727
14293
10228
10337
8696
11952
20055
6302
8307
7267
8838
4801
8383
10926
14071
14903
8478
11541
12111
8068
8187
3643
4453
3508
24238
16449
9567
6781
10085
9063
5943
9481
7452
5280
17392
8712
6941
12283
4939
7854
4423
4603
4200
2901
12176
5228
5281
3632
3907
7681
8029
6357
10526
12075
14020
5938
7272
8363
7266
2955
4994
3897
6073
19392
6975
5065
6789
6975
19919
11026
4046
3888
5266
5304
5171
4005
3983
8207
8756
6210
9989
13626
10183
6885
5917
2916
6651
9556
3825
4367
3826
17995
6497
5737
6802
3810
11407
6258
4500
6271
18276
13937
10997
14687
18441
4116
12048
7130
13320
5892
22899
4931
4152
4243
12771
21350
3571
4061
7560
5176
4534
3498
6622
5551
2896
8165
10568
8462
12446
18549
7290
18267
7622
9494
16814
8689
3786
3472
4097
5009
2934
18656
12109
11541
24411
5621
4680
5467
6835
3621
3536
4617
3168
8968
4863
9947
6635
21130
3760
15728
6216
2881
14988
12264
18904
17728
20773
10172
27727
8971
10160
13931
27301
15139
13284
8398
17370
5128
7994
5735
6031
19079
5076
5097
8523
9628
19580
3838
8295
8296
3671
10661
15066
6463
7854
13660
14286
7832
31337
13466
26214
5588
5606
2793
6005
13279
6272
4538
3838
6844
22681
9426
7270
11550
11751
8944
10106
20557
14937
9104
20273
9857
4527
29905
15836
21307
13795
3980
6415
7905
7481
2548
6610
4184
7601
14523
25806
15392
6091
6662
6426
7631
4513
20836
23239
29151
23271
7153
9002
14020
5475
14638
7514
9733
6632
6021
5023
5959
3710
22106
14491
6008
12549
6979
24702
10939
9958
21027
8408
5313
29244
10005
26387
6740
9841
13836
15180
7930
9940
20919
14262
16980
6890
10302
6933
8377
12510
5770
9800
3659
15525
21994
9055
22060
12658
18801
14785
6134
8418
14312
8791
8187
25714
15525
7243
30726
25011
12587
4992
19456
5480
6580
6534
10769
17882
13340
22759
8255
6447
12963
3595
23103
10536
25521
5204
2929
7083
5279
8320
23241
9007
11593
4104
30463
9174
14715
5325
5521
9087
8842
13966
6071
12950
4610
14995
5287
5160
16104
24098
20608
24787
13744
16078
36439
13280
17860
4734
4846
7653
6753
8355
26814
33080
7695
8777
9615
4219
27094
8148
7436
10164
12686
17968
10415
7019
8793
11991
8065
7338
10516
21415
10368
8046
24248
22269
4737
28584
25983
10645
15751
7415
26293
7744
7560
15383
16430
7530
3671
8172
24701
15853
6642
9605
22290
5921
6749
5515
14458
5893
5234
25866
10704
8431
5092
6694
17430
10819
3038
5444
3951
8976
17816
11983
7780
4623
7455
8317
8609
29250
30452
24347
24990
28050
17365
30467
7648
19841
23328
4873
18887
3253
9618
11258
4758
8243
5908
11296
14152
15969
4599
6868
4223
34221
9743
12627
14557
8188
9852
29885
8741
13819
15851
27573
10780
12145
15161
14184
36196
26611
15945
4094
9510
30634
29027
20016
9242
17639
24104
8403
6022
19012
4206
12915
15159
4586
4515
12967
6037
9027
20717
34130
7114
4299
5215
3520
4207
9648
22956
27771
11601
16189
10241
9192
26451
36760
9595
4693
13565
4267
12958
6606
6328
19647
11424
16196
34391
5480
16093
3161
4944
24287
14338
33342
4594
12341
12066
6482
5079
5149
3986
6285
25544
15150
24051
5608
16153
5865
22042
17706
39965
9925
6634
9160
23343
6197
5735
14205
21927
6861
4920
3287
4550
2813
11222
6252
3805
10279
22046
18243
14142
14069
30673
25459
21209
5636
4724
3462
4513
3113
7177
14941
4376
23894
6297
4059
4141
26926
9688
16870
18205
22698
15105
5386
5729
5924
14151
6301
3221
4186
12251
13476
24349
20648
13951
19557
18386
5547
19181
6473
18423
50600
22322
28768
15676
6575
15904
5988
9461
18003
4320
5886
9072
4095
13215
16115
4966
14609
4462
15609
5214
4394
14455
7683
4648
9486
20903
7624
17447
32126
38225
25267
14007
8868
8229
7757
23164
24582
14428
34249
4491
3058
3445
18161
29832
4435
11641
7476
14686
26213
7702
4195
3073
3234
20920
14902
5169
25037
12076
26794
26372
16204
12049
16082
21323
21824
28336
11811
18630
21272
10415
21424
11819
20474
24400
23896
37594
15170
9067
5056
8189
5711
31470
16107
5211
4294
23164
18855
22276
8995
12308
23680
25949
8412
24691
8459
28324
11236
5002
24886
31697
33418
8750
21313
9623
31584
19885
6103
3974
8227
33328
26739
13667
17729
10451
21548
10248
19871
14118
28276
16393
24959
22065
12530
30675
26994
24038
14449
9761
8836
28230
5367
6552
25385
10177
7512
19342
11676
26514
14173
3390
5165
16927
18494
26628
12800
11594
9281
7503
17529
11467
1993
3839
15529
18093
13049
18055
10315
15160
5707
15392
10463
5297
21618
5322
6145
8004
8314
28118
18695
25130
24166
27704
9032
4704
5769
11659
4584
7050
4489
28255
11776
37079
7448
20485
33949
17451
9250
25218
23044
16337
3810
6272
21394
13587
15830
14311
6313
2290
3774
28187
21830
22191
27421
32368
15181
11333
23277
25121
26141
33670
30914
25379
6670
22031
27882
11177
5135
4800
10322
22715
7922
10088
7487
21347
26502
6863
7453
28045
10488
34766
9125
8189
7987
28150
6353
3362
11456
26057
19197
5108
3581
14337
13910
22265
6448
7674
14231
14530
37549
10962
25652
31289
31265
29127
7358
6462
25260
27962
28827
7306
7452
11451
31792
30137
10188
20900
11397
11828
6438
10025
28430
16040
29988
6182
15841
13189
33880
27914
9778
28091
5836
31048
5814
19394
8801
30966
37429
29989
9256
19182
9821
12585
1770
15279
17506
13162
11179
17688
5267
5446
11894
17294
18940
19685
14778
11122
7876
9843
13387
21056
18565
18881
7519
18616
3592
13908
6683
10868
27247
34914
18521
14770
23159
11772
33994
10103
21448
22308
21467
37830
8049
25838
17860
23667
31932
10828
6435
9312
7947
21359
24161
27284
25666
37632
11425
4928
22999
17256
12978
20826
30162
12127
7529
26299
28470
29324
36059
38662
15430
3401
13124
18965
4194
4264
3356
3888
19158
7409
5549
13916
10300
10147
22510
9267
21045
9926
22506
25537
18766
14439
16751
11181
14411
13207
4754
6304
20939
21906
7524
20894
4175
14465
23798
18527
13485
18332
18263
10002
7412
16399
17782
28349
26171
21031
12423
19539
15248
12787
32595
7831
28344
25623
6423
20853
28733
17662
20688
24711
35120
31623
8698
5201
13059
27396
37583
30706
11867
27014
29675
38107
29758
32111
35348
5506
23871
10838
3453
18935
23473
23379
25901
25698
28338
40760
18570
5798
13064
3853
5582
2891
4119
4428
20213
8536
13543
14427
26097
16613
8551
24717
21807
31356
41036
30174
28454
29497
38298
28041
5694
5204
3623
9633
22659
8283
24779
3772
27424
13208
26182
34737
18025
24333
12391
8733
28090
15107
20669
14684
9455
27522
30239
25903
31403
16483
6303
33317
11836
10217
20517
28082
19950
8129
21953
7788
14620
22313
4570
10321
5968
18283
3795
14070
25087
36090
36464
11694
26175
11611
9210
18472
13096
8944
11769
14885
22174
26523
26299
36012
37900
25796
10031
18056
13701
9982
24295
24534
13876
22581
9957
16463
19497
13993
16667
7590
6585
20284
23567
37530
7520
21040
9554
11938
27894
20069
26799
14812
7626
5947
16917
22210
23383
28402
5378
21620
18975
9027
11587
11534
3587
4840
12688
8681
4392
11318
16979
20361
32856
11646
12822
35561
6584
7911
18793
23635
20094
30945
17829
15376
14631
18538
8190
16801
15892
8392
24048
38051
13436
19061
27336
31310
36880
27573
10683
40467
12421
28651
17752
26647
35790
31966
24633
25248
22817
27375
37770
14081
11668
27636
15838
39842
27903
28342
34570
7456
28353
16780
17741
17223
18105
22122
27415
14801
19242
26709
3353
15941
29350
17728
35266
11656
23437
25676
23369
26275
21820
24475
29103
26909
30820
26190
12685
31678
15974
15319
16336
7172
12474
17606
18933
19717
29307
31392
25098
22773
11966
34419
17892
27292
26504
33890
13835
25797
22895
23291
22967
26958
28144
5030
2768
28007
32212
6479
16686
23610
30952
37442
28847
29436
15135
14111
41308
28360
9942
20332
10124
30064
7858
17249
7279
13568
19601
25811
30943
36129
6556
13319
25865
25000
32876
16699
15954
7648
26100
16076
22093
23359
8977
13160
25100
12592
17801
7911
13992
22619
21921
20650
25324
27979
14462
20814
20996
25529
15905
25193
26011
9221
24328
16838
17622
21169
26751
12947
28355
21414
10463
30701
26636
22992
22723
15765
28611
20388
16797
17353
6723
11751
18096
3508
16758
13479
15207
21886
14101
15176
27866
19864
26535
15418
4366
17581
19474
17862
13804
15089
12664
24901
16514
17150
17797
19681
17316
11712
19563
3686
18237
25538
20375
10134
32768
14713
20018
14316
30448
15832
5039
15872
12708
29983
14567
36779
30160
26094
29219
37832
44075
27168
20398
20677
33280
26363
24911
27026
32287
13775
21361
24233
22653
28417
34545
25232
28450
35170
8155
22581
18342
12446
10362
32871
17364
14628
16817
13993
16859
7619
14448
14492
15497
20614
15281
7074
18770
30248
28187
23878
23711
23312
31445
13535
23646
30336
14535
32879
23436
22404
23035
32223
32852
21337
21581
12505
26254
28100
20617
21335
26997
26968
21642
23840
18144
32689
24231
24207
26599
26973
30232
24222
15275
14398
12201
26026
26698
27108
11945
29792
21890
25770
27365
12699
26590
24106
20219
23832
23355
24873
35211
14114
22312
24650
27067
24491
26475
26829
27220
28307
25238
22480
31278
15977
14408
14408
16828
20144
13740
24165
14811
16711
14069
14112
11880
23352
23336
12526
32026
9224
18053
3619
20835
16939
23008
22201
22225
5486
19617
9970
22223
2994
13390
17376
17379
6108
16154
15125
13994
4484
25659
30282
12870
12733
15829
12091
22003
25942
30531
25963
14274
22021
21440
28205
26085
30623
8173
19518
26045
28961
24046
23344
10969
28133
14668
22401
8705
19722
27687
24090
24254
20666
17431
7376
19374
21807
20997
32467
19006
30789
23937
26672
14290
5160
11230
11876
10116
16822
20044
13218
22156
20467
24797
15363
12702
12509
12879
13061
32885
37653
7469
18572
21623
18061
13248
29325
12985
25366
26500
26754
30177
26274
33285
24697
23744
24099
30022
29782
26201
11345
29698
31565
17479
20122
27313
26812
36916
28348
24343
31935
16825
33574
27218
24284
23023
30040
5694
14840
25165
15672
13943
25457
23205
12428
27761
20125
22840
25473
29127
30278
34959
29037
26518
29082
29401
27894
24383
25472
30013
30558
27842
27638
27801
27959
34301
26041
20543
23808
26444
28966
22581
19078
24320
26400
19289
21329
18832
16969
7438
18901
23988
25394
27202
35355
26919
23781
29775
29502
17420
4004
9798
23966
31659
17007
17803
24044
10078
14082
16053
14044
14490
14949
36945
23752
23557
23347
37042
23165
29109
18831
13068
6018
13182
14458
16615
18420
19714
18640
25333
12674
23875
22973
18792
22210
33012
32992
22165
29439
24605
30369
32794
26551
25774
22525
27151
33851
4948
18027
17951
6193
20942
3256
8071
14406
16420
11781
9470
3721
14668
32549
26297
26382
12071
31726
30826
22379
30178
19530
6851
14703
3343
8725
27180
30917
24335
6654
24894
11919
16232
12680
5097
12748
11877
24059
24162
26061
15801
16095
21304
20526
16762
13882
39052
27457
11513
20887
12752
14617
27588
20714
15339
3874
25872
7690
15735
11718
15619
26200
25819
25505
35737
30768
27193
22964
16350
26423
15111
13146
27376
29258
33759
33942
24704
27325
30044
14648
22833
25353
25111
22864
35186
29792
19584
19652
14494
15623
15398
15638
11050
25758
5300
17884
11869
33098
20821
4495
20962
28417
28418
28715
19071
13042
20158
22219
30748
27606
25972
33007
15123
36164
27233
24418
31712
21137
16841
16920
22017
34280
18150
27259
30247
30757
37217
36885
32716
28272
25943
35423
34704
8352
17087
34734
15426
16775
12426
21335
20720
20628
26066
29414
30065
31435
30110
17448
15113
16173
31161
35793
26966
30279
21713
16304
27645
26949
26746
33350
33070
25008
27022
14111
25642
23581
17981
6186
11313
28480
25592
9635
25377
30972
14351
16234
15836
29646
15572
35823
13981
21482
27017
17365
29186
30609
14357
30721
26894
22292
27328
23261
10175
30070
15743
15816
16406
15197
15739
6963
14262
30983
17373
20409
18348
20533
27311
30282
15896
16475
18613
15056
17364
18085
17196
11812
30912
34627
28409
27854
28559
13931
37424
27640
28297
34357
15462
30264
27222
12735
26646
4528
12465
4987
2249
18448
32348
16388
24988
16905
11240
25715
21436
29069
11111
20422
4791
14882
18980
11514
18856
21343
13512
33645
16342
16549
5344
24856
11179
20212
17478
14621
3934
24520
28405
18485
10796
18348
13537
25722
23137
25253
9312
37771
37674
9175
20854
9614
37765
34859
30839
15154
27409
34934
14262
20647
31613
37625
17338
6130
17071
33079
30547
21324
4798
17502
24141
30152
32380
11206
12257
27887
33940
17339
17168
29108
31867
36307
26203
28438
30464
19674
16838
24370
26328
33240
33382
23560
10174
24483
13948
11027
23129
26078
32794
30587
20999
10252
20017
15589
14767
36970
15344
19587
28922
35810
20518
5277
16228
17903
27071
9754
16571
18795
28842
26094
20378
11955
31464
13765
29913
11602
23583
14279
22348
32122
26543
31979
24841
22962
24634
27709
27874
37012
36508
29721
28289
28287
37648
18052
15349
13278
30489
27728
14717
16567
20885
17937
20711
18969
17106
10303
36611
20125
19920
20919
25707
21269
28657
6734
15124
33645
15770
26144
30382
17287
2891
19831
15460
17543
6792
15492
25951
24587
31058
30450
32477
27197
30854
33138
18415
15084
30050
31509
13591
24015
33803
23160
24739
7793
4461
30147
23984
30065
29523
24724
27952
25921
31088
32774
37784
16722
15951
22194
33439
13492
11724
12810
20354
25096
32101
29290
24712
12423
26874
4893
2460
12578
26065
33946
31654
28108
30303
16791
19029
34779
13304
25022
29016
30977
18860
24487
36140
12663
17601
12084
39443
20996
38588
36776
28278
35057
40786
43196
25229
31347
28515
35851
25246
9278
13074
24752
34178
32849
12903
28457
21766
41177
29993
17991
17352
31671
40559
28620
25909
29102
36203
25322
28840
31016
17799
31942
17530
27880
33535
30780
37876
31884
21508
30065
32903
24045
23007
18298
21107
15946
26818
28901
24838
35901
34045
30416
33580
33161
25818
42167
31478
39903
26167
37757
18876
11078
26129
27503
31282
30178
11617
21717
30974
33674
24135
25866
34781
39743
26441
19936
32820
15471
19947
20161
19934
24492
41810
16255
13793
30828
35012
31292
41541
34948
33015
35554
38089
35040
36691
26671
42384
19054
35897
29962
23915
33955
34415
24132
19109
34219
41026
20147
14443
24918
28993
31335
25313
28053
34475
38640
26021
19631
27205
7384
10944
38076
29112
31782
29959
38367
33650
30343
33311
40717
28404
20127
21190
15326
34161
33606
32494
32696
31047
39341
17209
14655
15465
12901
31016
31435
29677
34947
32720
30134
15368
24596
25000
32142
18466
30562
33236
24901
25928
38308
32095
31455
33362
13608
30553
29838
27314
32144
32726
33885
17782
24519
13902
27122
19195
20840
25512
33272
19990
5902
23968
15678
30808
26062
28690
25793
31741
24423
25478
14853
23703
33953
41802
24448
14422
27070
18571
34678
30052
25952
37403
45503
29472
36533
13624
17873
20862
18150
22171
35832
15156
31592
34171
27552
35790
35251
28350
26493
15807
40127
14599
11980
18094
13661
17569
28912
13872
31770
22578
28545
35329
23669
16563
20342
19537
31871
33173
33213
36353
39232
38195
31884
23998
34434
7251
12089
16979
30221
19109
33784
24579
22853
24174
34956
24470
32066
32025
6653
22522
22846
20684
30686
23899
21486
18226
22637
30872
34427
17213
5167
12470
23356
27587
29822
8173
20219
25484
36800
31809
32545
35149
37656
43342
32652
27312
32500
35082
16896
25516
23562
32776
41355
9978
21916
27834
32381
24903
32434
30315
34356
21232
42546
30105
13042
27777
14365
27235
25610
18127
20222
8595
19924
16137
19728
16952
16138
15395
20723
34551
38634
28339
19964
32453
13824
32951
33945
33032
12784
23670
20136
23024
15293
37567
28615
21198
23290
24048
19580
21876
26270
17751
22505
21605
22447
5075
21148
27898
26660
22584
12770
23320
14492
38652
39404
20874
13347
28882
37563
17495
23470
33885
20443
28477
26398
20954
33951
41705
44891
34516
30464
9570
11872
29519
14062
24021
41225
14831
14292
23277
16656
34494
44681
20814
21130
14560
29941
46326
32341
24394
13868
12951
36504
32193
39008
18853
14422
12293
27836
20102
50576
37052
28164
29440
36863
35419
22531
26069
25766
28726
19359
18515
24828
33897
42021
33550
19016
24383
23485
41446
41520
33377
28168
39844
11976
32934
24123
37454
21305
24463
22139
21904
20012
32144
41696
36634
36192
37416
44975
46871
34450
37407
38946
41538
13012
20654
5438
26585
16096
18560
32973
18478
20183
29707
17463
18171
38057
19215
28372
24453
32700
39566
42535
39269
30226
36559
41873
38474
27828
27042
36552
27798
44143
32386
28766
36877
41079
43493
32959
43735
21467
23449
29184
26151
11648
37504
8800
22561
18923
23046
47719
29237
21835
30337
18105
22135
31622
23946
29044
41059
15081
23037
26588
31240
36035
41959
31599
33489
34957
38380
45777
34551
34460
20264
24668
33701
30768
30402
47622
20052
33462
30480
20695
26306
22275
27563
34536
20314
42089
30266
20083
27315
20107
24380
23574
26114
30556
41146
40297
34859
23210
34206
27975
39028
28720
27976
44934
39011
28980
27962
36713
15894
20915
25649
30189
31400
37195
39053
34118
39189
29271
32010
40512
33682
29433
39045
32772
17365
27298
30796
17265
25945
12981
10601
20632
6920
33310
13877
12876
32091
38812
35113
20879
27821
44035
36170
28732
32708
28380
39439
38529
30633
31240
35815
30239
20060
23553
17030
8725
17106
39074
12026
22810
32967
30614
15003
31263
33724
39611
30007
24671
26138
16433
46820
20593
23759
34670
39951
41963
16765
17687
33985
35120
47131
16723
15441
37387
46730
39496
28628
20926
4404
34889
25683
29244
24574
41572
42969
30223
35904
35860
32480
38652
18858
18889
41421
27518
27221
32165
40234
46158
19811
20238
4862
20904
43417
30265
11735
23731
18983
29551
25339
29691
27712
39957
34645
23135
6868
10737
27142
28609
9478
28575
34871
42157
33789
34619
33924
22352
40528
32146
32095
41616
41022
5211
15270
24643
16212
18758
31705
30660
21597
20104
30317
24823
27432
15926
37259
40715
25896
17544
18881
24059
19729
22624
17935
36097
20186
17857
7650
12608
31114
17574
16118
14715
14822
21163
24856
26733
26945
18492
21773
13921
28327
43464
38473
44931
28799
36703
27877
40456
47723
11296
26538
28674
30852
31714
35100
31582
47341
19349
31116
35475
32439
29276
14044
27889
28170
34553
42315
41417
38191
32742
15910
12879
29031
40663
7256
23997
28427
24940
34728
30460
23633
43439
28499
28257
14624
31711
22753
17794
12587
33324
25562
31778
33914
36013
38264
24816
19086
23152
27592
30622
30647
27797
24732
32896
43771
